# Created by Octave 3.2.4, Mon Nov 19 11:18:24 2012 CST <zac1164@zac1164-VirtualBox>
# name: data_asc
# type: matrix
# rows: 640
# columns: 1
 0.2665422281561841
 1.692933090452513
 1.208565137717623
 2.31700625876358
 3.739252947589973
 2.00540362835994
 1.612623420126059
 1.316430469688822
 1.618751110848931
 0.7309064871626537
 4.263613382692331
 3.185646985246124
 0.4357968007677404
 1.826374745417515
 1.285636055013148
 0.3592661811200447
 0.7799050161427872
 0.8628203665236847
 4.312731705003293
 0.3796077786507528
 2.128464017185822
 1.280465081612879
 1.434561128526646
 0.9156148064104382
 1.307186276958948
 0.991496934941665
 2.869571155422016
 1.812771546933414
 1.451452152923772
 2.560532377783466
 0.8283035072788935
 2.148557436632588
 0.535458229426434
 1.24604630843163
 0.921173748574027
 0.6988964045447853
 0.740109885517396
 1.937932659700068
 0.5057966056635907
 2.002435848715364
 3.792622423405062
 1.753476107616886
 1.047979590203621
 1.177262085448625
 1.638269043816975
 0.8347578950207075
 0.8119475056526416
 0.73896443572855
 2.793737811556388
 1.897469856254566
 2.436392823771738
 0.9110023957359052
 0.7699759017362965
 1.538485727709592
 1.186584076433456
 1.353960620999117
 0.4912750318312678
 1.283557688642073
 1.460939207717366
 2.863597286141347
 0.9466763563092725
 0.6298884700877365
 1.324017973749888
 1.11684893364239
 0.9439520113230586
 1.93508936720413
 0.9306230597944206
 1.701906624297238
 1.347452492078224
 1.94946627117026
 1.269681138533598
 1.33317629322529
 2.218647406434668
 1.201380227820737
 1.758086560364465
 0.966022219016015
 2.171155298263277
 0.6390768006366893
 1.366087313534966
 1.831825795644891
 4.898126947574423
 1.000080117527931
 1.116494328493824
 1.451616541119686
 1.534827586206897
 3.728906082555763
 1.487063044284808
 1.992025813812704
 5.510091439365813
 2.883203824026042
 1.052396155997649
 1.119464806316045
 2.431369798042697
 0.6476265514272457
 2.581663230535946
 0.9137418156567747
 0.8437427689196877
 2.077037773758933
 1.390859829716589
 3.840985720630381
 0.7402304452226908
 1.751388133816456
 0.5730811549731388
 4.756079508301092
 4.093112281671036
 1.325987149273534
 1.072586424028854
 3.541802710164373
 4.193011667428912
 2.017727662594226
 3.294837150788462
 3.120248131064101
 2.601772864690813
 0.8282133832848718
 3.249624257066571
 1.902514694180156
 1.827356900200569
 2.339017050309114
 2.2053931940761
 1.874046484725971
 0.8534497230149404
 1.559270582712391
 1.236159681210966
 0.7573746209618398
 2.715526630474096
 3.320921370377589
 0.905753232396769
 1.420121611113769
 0.505114039340423
 3.392306823350181
 2.140508938858602
 1.037047434135337
 2.963379815129686
 5.89863390228663
 5.21337990868033
 1.283232465581544
 0.458386992862315
 2.413268289449985
 0.5674182172498864
 2.173248560028816
 3.63576396649827
 1.031830001095722
 0.8728922055251203
 0.4652403102909687
 2.414218197897282
 3.717060664389204
 1.920636782289035
 3.733075435203095
 1.055055215701325
 0.8588068364686532
 4.308571707269419
 0.4937312926614199
 0.276441548901294
 2.354659186932044
 3.316644152140826
 0.4992282064751991
 0.6283247157254878
 1.426484731612219
 2.017842585570777
 3.606445401867693
 3.602309845134456
 2.018029932224663
 2.054012321685296
 0.9187203268255129
 2.933771607288622
 1.691575880812469
 6.778304237948936
 1.049000125900666
 1.303942961071441
 4.599869363400392
 2.014554275318375
 1.758379189594797
 2.149454629844512
 1.09896999552172
 1.52340738020929
 0.8435365702222775
 2.227285280309307
 1.059378349410504
 1.876935615321923
 1.048348403764532
 2.327297414873298
 1.226124856678277
 2.005088809643124
 2.117275062162788
 1.213341009372505
 1.053334278917689
 5.699972608462533
 1.294166918182646
 4.234633317424677
 1.869244865019441
 1.198637256034184
 1.436835006743594
 2.732303090727817
 2.372203019828998
 2.271538301847623
 2.820664542558034
 1.894014277869303
 1.457664797989561
 2.12021439509954
 0.7085523785100654
 3.75958734349802
 1.672219528784317
 3.909510620653415
 2.572793957900099
 1.985974999554617
 3.957926227883662
 2.519015276035343
 2.998716807892016
 1.370998412085585
 5.752434480148315
 1.643422840833833
 1.789375498268116
 2.219761059170592
 1.225632248433422
 0.879694453378002
 3.425297100602347
 1.689183207435105
 1.764318342890282
 0.9309301887992312
 3.049598192658443
 2.024749335938447
 1.889645406913005
 3.170959879668006
 0.9364430809460792
 1.449639969725934
 1.299022902724523
 2.391117736439244
 1.830587295362193
 2.012164369246687
 1.608922296548193
 2.769057619785776
 2.758695725298586
 2.78666222811078
 2.243959115873927
 1.460293310033599
 4.203245749735736
 1.312022738767044
 2.11861334663866
 2.337474408482076
 2.434424304465464
 2.107469682881292
 1.223708587100986
 1.474502147848967
 2.088645276414681
 1.545867681965328
 3.104891492352675
 2.196300225667793
 2.630915178711723
 2.813350628885871
 1.45578111723811
 2.569695120747604
 1.680858832443672
 1.827486755403631
 1.52370590929913
 1.547042766151046
 2.134200629913044
 1.810267880334677
 1.720670936347732
 1.567608568087683
 1.571676059346633
 2.036451656924591
 1.918764389896544
 1.616513449184857
 2.519617928487573
 1.266893598502067
 1.447349718273581
 3.102247675246366
 2.153978250909935
 1.627050928510177
 1.740586159606347
 1.0274664773321
 1.827149133242023
 1.817142386687218
 1.554973350615858
 1.31182891419721
 1.197679814385151
 2.186842569780699
 0.9459311699694153
 2.573729356528307
 1.737977635436337
 1.030463648949999
 2.16472269875652
 2.004040447011647
 3.83496255325907
 2.42457040805741
 2.380793438932388
 3.740905522036592
 1.650755829045909
 1.098096696007687
 3.007898372705356
 2.100859819216516
 2.16235781089958
 1.106819030265176
 1.402824965392545
 3.016816111810772
 2.177988274933891
 1.436240953177363
 0.9569676204291774
 1.227259402001292
 1.399301444394569
 1.322959927845209
 3.001719498199511
 3.1217878595511
 0.6212113616569792
 0.9484386769165183
 1.000920582651711
 0.607920453306756
 0.6793326905496943
 1.737038761773765
 0.6597418058984131
 1.498928302161116
 2.6287927871907
 2.515435114114944
 1.142897766272007
 0.6786383439408454
 1.752760370328313
 1.314704979650442
 0.9049845628060097
 1.56246885986091
 3.475846797492149
 2.934630636608372
 2.387876218736753
 1.896102825351229
 1.771586976946354
 1.527541668899404
 1.900754686861674
 3.303477702787445
 1.699873861235822
 1.591348306683797
 1.877484047402005
 1.721677308685586
 1.660097810261809
 1.389514138727407
 2.030441263700764
 1.425845803451486
 1.858255827195194
 1.647591428557427
 1.443634090865847
 0.855657856171008
 1.950869448949125
 1.381811616405603
 1.548550509873508
 0.5691235304490819
 3.813943119733404
 1.602211055276382
 2.723659305993691
 2.481366251109986
 2.13337298067796
 3.12674052737798
 2.51844045057809
 1.654449669535251
 1.785127743160585
 1.422809349004943
 2.114898443339287
 1.959337023746498
 2.106124355602788
 1.658380223929271
 1.613381423402801
 1.443530967974042
 1.688877498718606
 0.6945893402228677
 1.697111020450049
 1.819820369079539
 1.806772880479802
 1.809375957727505
 1.021732185119185
 2.056190534956843
 2.226716561389634
 1.873951734091896
 1.32639559391932
 1.055909204372119
 2.135003087790762
 1.686856772996809
 2.248584872114559
 2.021881853962873
 3.094954048575703
 0.7544482864716212
 2.355611124340603
 2.383354965862348
 1.156134529531363
 2.901559086226165
 1.893471166676802
 3.124882731651208
 1.707791882106862
 2.287814922937377
 3.297992921236259
 1.239518918568513
 1.139438533442306
 3.071032186459489
 2.996060171919771
 1.47518454972634
 1.13752618856316
 1.165561333063005
 1.410452259070399
 1.748390202290013
 1.279403788289484
 1.067587737442488
 1.871271225332721
 2.921342134213421
 0.8378159297594826
 0.7668769821297312
 1.467964311289921
 1.918843269664043
 0.7850190927027358
 1.212099018454333
 1.486324919301656
 4.606195520256073
 0.8087709646792705
 1.259074481177178
 0.9387353848992677
 0.9940189697612413
 1.59507674479649
 0.6265528644158328
 0.7938955518081515
 1.208403571881628
 1.207929307299783
 1.356518580020115
 1.350186327168953
 0.7016556963345814
 1.444660907488587
 0.7773605411196873
 1.518693824846785
 0.7221647117519238
 1.812306260561969
 1.741554198725975
 2.022554387621356
 1.619353139541883
 1.003371394185109
 0.9050452067196247
 1.169844181888362
 0.8086566557560557
 0.2646926982976563
 1.492012740702204
 1.20507436997994
 1.015658378573102
 0.828834970348162
 1.157916852904174
 0.4063105708755327
 0.9693216144258611
 1.13433483197201
 0.8797012919198764
 0.6302785572924765
 1.073630908181661
 1.419175071709434
 4.430396297314677
 0.9864804327752229
 0.6276021194425478
 1.16531322135351
 1.121850845620803
 1.456220216251332
 0.7479257307148109
 0.4816291129680561
 1.187564534750969
 1.128407037487147
 1.772512830613315
 0.956835441689753
 1.016658018906532
 0.8454925099714672
 1.027273467247976
 0.9538550499520606
 3.0993006993007
 1.760782730057273
 0.6726950822464703
 0.9576437935036501
 1.089799120655212
 2.146937740250661
 0.9017890216907249
 1.036227145849145
 0.8103417220168404
 0.47799314769426
 1.032108010775947
 1.195623254920813
 1.916304471593154
 0.6241924204588161
 1.436171135063271
 0.9444758899129637
 1.283689936078108
 0.8061016620213327
 0.9541519570395656
 1.08762069322242
 1.205341082053411
 1.320395024689043
 1.672068707991038
 1.357052808516599
 1.327297004089126
 1.855456999614346
 1.827977594339623
 1.572466467958271
 1.69164289310287
 0.7811205706396687
 1.042828753511958
 1.472414880201765
 1.030406852248394
 0.8300965089955916
 0.5671990237173025
 1.215132736592457
 1.543178973717146
 1.046629858415787
 2.131954807077382
 1.064061456245825
 1.062511596215475
 1.055903872727908
 0.895008746572879
 1.273640457871974
 1.159166677993488
 1.036712195851517
 1.674167277126321
 1.191893236701943
 1.131372821874392
 1.090505826271186
 1.776792598303778
 1.206666666666667
 1.858574831282255
 0.8502932462664007
 1.243988391376451
 0.8818584647465137
 1.951179223639534
 2.173604060913706
 1.255812220566319
 1.050015969338869
 2.260987519129952
 2.036002010517229
 1.744560482766474
 0.7233764982375863
 1.020596131745278
 1.09820251010232
 0.9345837376133204
 0.7397517776122706
 2.666999416198495
 0.8689322013388107
 0.7304981085157837
 0.8466670184187256
 0.6286989256046498
 2.826308028351068
 0.600349223682354
 1.1756649017975
 0.8245878118420976
 2.008493785436214
 1.507369700653396
 0.6686301507701796
 1.499452146324536
 0.9468423596848402
 2.41973271635128
 0.7533948191746722
 1.181058915642562
 1.723549173269032
 0.4354495500519667
 1.222705419794382
 0.7562605666114069
 0.451528401833182
 0.792568646149287
 1.142947070904576
 0.8408753730697341
 1.175039186177774
 1.013510411973674
 1.458809229584158
 0.7806393549557417
 0.9197141054470438
 1.187859788895088
 0.8409404469121192
 0.7433451437576162
 1.194101002368776
 1.389140527426362
 2.289078031450435
 1.198765637989845
 1.262718655612564
 1.055888035123067
 1.095111571774088
 0.5584975504332405
 1.103993902085092
 1.342997739061045
 0.7111170024743726
 1.247835289590148
 0.6190852358006161
 0.8746938775510205
 1.278496168582375
 1.217169476486247
 1.475738781466618
 2.05620377978636
 1.873934561451746
 1.189743530527058
 1.469540667831757
 0.4737377906321417
 1.863254597180435
 1.875001112760954
 1.347439799030004
 3.023258125157652
 0.9027492291880781
 1.625038131031208
 1.854035014697509
 2.869833436150524
 1.670939420544337
 0.7351684388353373
 2.576158940397351
 1.607216494845361
 1.793191745744841
 0.6772092045812756
 1.060228753438541
 0.87934046735095
 1.539846654275093
 1.680099338485814
 3.971253281353319
 2.735056576453903
 1.245006367143094
 1.205261239374743
 1.059978104084194
 0.6516872631766049
 2.365162859356043
 1.15359477124183
 0.9658789533322255
 0.8251091438868682
 2.225441077565763
 1.532714978468322
 2.046407097585158
 1.132815533980583
 1.334955489183584
 1.894258909439697
 0.8210329037560191
 1.398540790950652
 2.299774249911167
 1.624523127385571
 3.291385802338296
 1.197502625564095
 0.7957556754941397
 0.6894334457393687
 1.130984936216178
 2.388166102299055
 1.410114001753873
 1.330692381344809
 1.331190894849315
 4.350435775208177
 1.100337688166777
 0.7967416661082258
 1.810610177253107
 0.9395259890835386
 1.651508653752774
 2.008168933074468
 1.553245697239992
 2.62596569015657
 1.139741281347483
