# Created by Octave 3.2.4, Mon Nov 19 09:38:14 2012 CST <zac1164@zac1164-VirtualBox>
# name: data_curv_direct
# type: matrix
# rows: 640
# columns: 8
 0.05208989708044529 0.2014282713715606 0.05342014982846741 0.2203318630539803 0.02163411048099139 0.1634810614016663 0.05215991038297276 0.235454736399916
 0.0564470607209096 0.1970002419159745 0.05636642206273688 0.2174018224336747 0.02338521087009112 0.1584549633094105 0.05177001854689138 0.2391742601403113
 0.05805892547660312 0.1873483535528596 0.05996533795493934 0.1986135181975737 0.02339688041594454 0.1675909878682842 0.06013864818024264 0.2448873483535529
 0.0606941357497008 0.2089246024961532 0.05761668661309625 0.1916566934518721 0.02855188921183108 0.1701145494956403 0.06137801333561293 0.2210634296460934
 0.06646133895282866 0.2079753606743394 0.05819419679040363 0.2029502350461987 0.02852974550170206 0.1664775490355001 0.0559247852164046 0.2134867887826228
 0.04878797177048174 0.2397974838907641 0.05876035593740411 0.1836452899662473 0.02654188401350107 0.1862534519791347 0.06228904571954588 0.1939245167229211
 0.06141384388807069 0.1628865979381443 0.06038291605301915 0.2419734904270987 0.02503681885125184 0.1296023564064801 0.05743740795287187 0.2612665684830633
 0.05430510896748839 0.195069667738478 0.05984280100035727 0.2198999642729546 0.02340121471954269 0.1523758485173276 0.05841371918542337 0.236691675598428
 0.06152088772845953 0.1819516971279373 0.04862924281984334 0.2379242819843342 0.03247389033942559 0.1400130548302872 0.04732375979112272 0.2501631853785901
 0.06309751434034416 0.2031548757170172 0.05720203951561504 0.1988527724665392 0.02820267686424474 0.1704907584448694 0.0538559592096877 0.2251434034416826
 0.07256317689530686 0.1953068592057762 0.05054151624548736 0.1862815884476534 0.02490974729241877 0.1740072202166065 0.06209386281588448 0.2342960288808664
 0.0676716368998853 0.1999016876945764 0.04604292970670162 0.207111256758971 0.02556119941012617 0.1651646731115845 0.05636572177617565 0.2321808946419794
 0.06432177169842045 0.1893828366715519 0.05406285621234327 0.2234163816967921 0.02524018889431689 0.1467187754437388 0.05324865657059111 0.2436085328122456
 0.06562693020382952 0.1982705373687461 0.05033971587399629 0.2160284126003706 0.02810376775787523 0.1607473749227918 0.04833230389129092 0.2325509573810994
 0.0717958484098267 0.2098647876594934 0.04589601980575129 0.1923443153685012 0.03561226433060369 0.1805370405637022 0.05199009712435727 0.2119596267377642
 0.0714765100671141 0.2003355704697987 0.06442953020134229 0.1932885906040268 0.02348993288590604 0.1714765100671141 0.05704697986577181 0.2184563758389262
 0.05458187280921382 0.2159906526456351 0.06209313970956434 0.2044733767317643 0.02637289267234185 0.1637456184276415 0.057085628442664 0.2156568185611751
 0.06711056597161381 0.2291922200806028 0.0497634483967058 0.1720693884702996 0.03154021377256001 0.196775889258805 0.05799894865954092 0.1955493253898721
 0.06019176136363636 0.1892755681818182 0.064453125 0.2150213068181818 0.02432528409090909 0.1493252840909091 0.05823863636363636 0.2391690340909091
 0.05709754163362411 0.2233148295003965 0.04662965900079302 0.1839809674861221 0.02727993655828707 0.1911181601903251 0.0499603489294211 0.2206185567010309
 0.05562388957222906 0.1977586442531092 0.04851715183818505 0.2151154844881782 0.02747027470274703 0.1503348366817001 0.05207052070520705 0.2531091977586443
 0.0542443604120485 0.1826835310992307 0.06428478289216326 0.2296257660711957 0.02686139001173556 0.1483896205502673 0.0594601642978224 0.2344503846655366
 0.06424148606811146 0.174406604747162 0.05301857585139319 0.2244582043343653 0.02670278637770898 0.1515737874097007 0.0456656346749226 0.2599329205366357
 0.06526875369167159 0.2037802717070289 0.06320141760189013 0.1952155936207915 0.02569403425871234 0.1618428824571766 0.05434140578854105 0.2306556408741878
 0.06041022759202023 0.1795448159595392 0.05745996066310761 0.2256251756111267 0.03301489182354594 0.1420342792919359 0.05521213824107896 0.2466985108176454
 0.06312066385525779 0.174534076996327 0.05849544279689838 0.219834036185553 0.03523330159162018 0.1436539246361039 0.05536661678683173 0.249761937151408
 0.06458094144661308 0.1828358208955224 0.0541044776119403 0.2192881745120551 0.03286452353616533 0.1518369690011481 0.05209529276693456 0.2423938002296211
 0.06421605401350337 0.1669917479369842 0.06256564141035259 0.2330082520630158 0.03120780195048762 0.1294823705926482 0.06061515378844711 0.2519129782445612
 0.06842767295597484 0.1781132075471698 0.05962264150943396 0.2130817610062893 0.0369811320754717 0.1362264150943396 0.05660377358490566 0.2509433962264151
 0.06120420335132064 0.2039193410962795 0.06049417779040046 0.2029253053109912 0.033087191138881 0.1611758023288838 0.05112184038625391 0.2260721385969895
 0.06430006697923643 0.2191895512391159 0.047052913596785 0.2101473543201607 0.02813127930341594 0.1748158070997991 0.04822505023442733 0.2081379772270596
 0.05863894881349284 0.1904294959796038 0.04530300058835066 0.2165130417728967 0.02726024710727594 0.1735634438125123 0.05295155912924103 0.2353402627966268
 0.05543556515478762 0.1508279337652988 0.04427645788336933 0.2602591792656587 0.02807775377969762 0.1254499640028798 0.04301655867530597 0.2926565874730022
 0.05685048322910745 0.1725412166003411 0.05372370665150654 0.2356452529846504 0.02700397953382604 0.1316088686753837 0.05528709494030699 0.2673393973848778
 0.06209048361934477 0.1636505460218409 0.05132605304212168 0.2433697347893916 0.0265210608424337 0.1352574102964119 0.0514820592823713 0.2663026521060842
 0.06288178224937119 0.1500179662234998 0.05928853754940711 0.2644628099173554 0.0213798059647862 0.1083363277039166 0.05587495508444125 0.2777578153072224
 0.05619530170428374 0.1668969752802088 0.05005373867649317 0.249500998003992 0.02702287732227852 0.136803316444035 0.05143559035774604 0.2620912022109627
 0.05233719536556133 0.1612731388999867 0.05007324543880676 0.2527633506458916 0.02077506991610068 0.12904514582501 0.05366893061659342 0.2800639232920495
 0.06540918770915728 0.1759963492546395 0.05019774870702769 0.2331913599026468 0.03194402190447216 0.1414663827198053 0.05521752357773045 0.2465774262245208
 0.04908958485069192 0.1916970138383103 0.05651857246904588 0.2209759650400583 0.02738528769118718 0.1640203932993445 0.05083758193736344 0.2394756008739986
 0.04933311907440142 0.2061706572392737 0.0650811505704644 0.1987787240880604 0.01944399807166961 0.1868873533665435 0.05543949863409931 0.2188654989554877
 0.05999667608442746 0.2040884161542297 0.05916569719129134 0.2085757021771647 0.02775469503074622 0.162539471497424 0.05534319428286522 0.2225361475818514
 0.05723760092272203 0.2210207612456747 0.05954440599769319 0.1926182237600923 0.02350057670126874 0.1859861591695502 0.05680507497116494 0.2032871972318339
 0.0528344995002142 0.2203341425103527 0.05083535627588177 0.1830644009710124 0.01984863629872912 0.2010566899900043 0.0544052548907611 0.2176210195630444
 0.05487894350696992 0.225531914893617 0.04944974321349963 0.1737344093910491 0.02538517975055026 0.1916360968451944 0.05443873807776962 0.22494497432135
 0.05461836283185841 0.2133573008849557 0.06263827433628319 0.1973174778761062 0.02032632743362832 0.1736725663716814 0.05655420353982301 0.2215154867256637
 0.0559785673998872 0.2196841511562324 0.05485053581500282 0.1834461364918218 0.02481669486745629 0.1909193457416808 0.05640157924421884 0.2139029892836999
 0.05420267085624509 0.1946582875098193 0.0617439120188531 0.2144540455616654 0.02513747054202671 0.1662215239591516 0.05388845247446976 0.229693637077769
 0.05461187214611872 0.2168036529680365 0.05570776255707763 0.2005479452054794 0.02484018264840183 0.1634703196347032 0.04949771689497717 0.2345205479452055
 0.06065088757396449 0.2026627218934911 0.06183431952662722 0.2017751479289941 0.02366863905325444 0.1736686390532544 0.06272189349112427 0.2130177514792899
 0.05701509223029626 0.1914477361654556 0.06008943543879262 0.2115707098937954 0.02711011738401341 0.1590273896031302 0.05953046394633874 0.2342090553381778
 0.05454895913646877 0.2012336160370085 0.06746337702390132 0.2027756360832691 0.02062451811873554 0.1730917501927525 0.06476484194294525 0.215497301464919
 0.05688565408925493 0.2080061290940433 0.05975866692204559 0.2085807316606014 0.02317563685117794 0.1662516759241525 0.05899253016663474 0.2183489752920896
 0.05831723168803794 0.2092042859652204 0.0548041454417706 0.1919901633585105 0.02652380115931846 0.186017916739856 0.05796592306341121 0.2151765325838749
 0.05343511450381679 0.2084817642069551 0.06005089058524173 0.1791348600508906 0.02052586938083121 0.1816793893129771 0.06751484308736218 0.2291772688719254
 0.06145129657877534 0.1837001525386794 0.06559163216387012 0.2057093048594465 0.01721507953802571 0.1571148398343866 0.06406624536936152 0.2451514491174548
 0.05961310698776155 0.2214765100671141 0.0548756415317805 0.1898934070272404 0.0264508487958942 0.1863403079352546 0.06217923410975128 0.1991709435452033
 0.07053160318124739 0.2201758057764755 0.05148597739640016 0.1860611134365844 0.03139388865634157 0.1785265801590624 0.05023022185014651 0.2115948095437422
 0.05312982998454405 0.2125193199381762 0.04868624420401855 0.1988021638330757 0.0214451313755796 0.1908809891808346 0.05564142194744977 0.2188948995363215
 0.04590281513358437 0.2587412587412588 0.04895104895104895 0.1685493993186301 0.01685493993186301 0.2108660570199032 0.0502062040523579 0.1999282768513538
 0.04728236853733982 0.1959051406687288 0.05774046251288849 0.2227132125497128 0.02342023862129916 0.1587862719104434 0.05567830313742819 0.2384740020621594
 0.05856391105075539 0.2154133423866916 0.04634187744016296 0.2074350704464437 0.02699032422339161 0.1692412154133424 0.04990663724325242 0.2261076217959599
 0.05107057890563045 0.2066613798572561 0.05011895321173672 0.2207771609833465 0.02521808088818398 0.1576526566217288 0.05471847739888977 0.2337827121332276
 0.05855986119144014 0.1730769230769231 0.05884904569115095 0.2144303065355697 0.03065355696934644 0.1551474840948525 0.05754771544245228 0.2517351069982649
 0.06117800195248942 0.1993166287015945 0.05239179954441914 0.2219329645297755 0.02538236251220306 0.1457858769931663 0.05515782622844127 0.2388545395379108
 0.06006253085403982 0.2280730623662992 0.05232845153858812 0.1931874280072404 0.02320223794635511 0.1724535132466678 0.05117656738522297 0.2195162086555866
 0.05602628393567353 0.1862355178972852 0.05533460141794916 0.2294656752550579 0.02317136434376621 0.1431782811689435 0.04997406190558534 0.2566142140757393
 0.05817750074205996 0.1826951617690709 0.05075690115761353 0.2205402196497477 0.02849510240427426 0.141139804096171 0.05224102107450282 0.2659542891065598
 0.06844796305459344 0.1924789708065314 0.05211941283193139 0.2127659574468085 0.0310077519379845 0.1466270823024905 0.05525317499587663 0.2412996866237836
 0.05407667838607065 0.2332161392934874 0.0450359953122384 0.1814833417043362 0.02427590825380881 0.2072660304704504 0.05390925832914783 0.2007366482504604
 0.05890148726255338 0.1739066411426889 0.05507289059048741 0.2195552937711677 0.03475187748490649 0.1422470917390664 0.05669268149020763 0.2588720365189221
 0.06550532680679527 0.1536135905557155 0.05528361646991074 0.2457529513389001 0.03383242153757558 0.1215087820328246 0.05298013245033113 0.271523178807947
 0.05638991215641825 0.1673278549164069 0.05738169453102862 0.2393029186738453 0.0334372343440068 0.1418248795692831 0.05624822896004534 0.2480872768489657
 0.06962943426084663 0.1825135170776737 0.06013451140709482 0.2075695634972966 0.03982592641434788 0.1585124620862456 0.05565079783726757 0.2261637874192272
 0.06675411747558666 0.1842297041247632 0.05217898265558957 0.2317446436379537 0.03119078851479376 0.140212796968372 0.0475149395131905 0.2461740271097508
 0.05435232445854601 0.1522968685335908 0.05559387501724376 0.2578286660228997 0.02496896123603256 0.1222237550006898 0.05117947303076286 0.2815560767002345
 0.0623310089654191 0.1538352070584887 0.06090792656894834 0.2456240216308524 0.0308808880034154 0.1320620463924861 0.05820407001565391 0.256154831364736
 0.05179589949129027 0.1954678587945121 0.06335748419916756 0.2116540773855403 0.02728533991059041 0.1627871126869123 0.05873285031601665 0.2289193772159704
 0.06698673982624601 0.1812985825331504 0.04938271604938271 0.2098765432098765 0.04000914494741655 0.1428898033836306 0.06218564243255601 0.2473708276177412
 0.06043437204910293 0.2108907774630154 0.05539817437834435 0.1967264715140069 0.02958766131570664 0.1783128737802959 0.05099150141643059 0.2176581680830973
 0.06801346801346801 0.1590909090909091 0.05606060606060606 0.2250841750841751 0.03215488215488215 0.1382154882154882 0.06548821548821548 0.2558922558922559
 0.06158399098083427 0.1771420518602029 0.06595264937993235 0.2158962795941375 0.03156708004509583 0.137260428410372 0.07356257046223225 0.2370349492671928
 0.06238945168033446 0.1881331403762663 0.06946454413892909 0.209197620196173 0.03119472584016723 0.1415018491718926 0.07573564881813796 0.2223830197780994
 0.06170313237840391 0.1446560679993704 0.07114748937509838 0.2520069258617976 0.02738863529041398 0.1141193137100582 0.06878640012592475 0.2601920352589328
 0.05888324873096447 0.1635968092820885 0.07324147933284988 0.2234952864394489 0.03205221174764322 0.135605511240029 0.07425670775924582 0.2388687454677302
 0.05907928388746803 0.1601023017902813 0.07506393861892584 0.2300511508951407 0.02941176470588235 0.1186700767263427 0.07864450127877237 0.2489769820971867
 0.07168637212196639 0.1427504667081518 0.06807716241443684 0.2251400124455507 0.03920348475420037 0.1320472930927193 0.07828251400124456 0.2428126944617299
 0.06311064166886718 0.1385001320306311 0.07156060205967785 0.2404277792447848 0.0340639028254555 0.1144705571692633 0.07393715341959335 0.263929231581727
 0.06835144690323425 0.1652481340840644 0.06298284666753962 0.231897341888176 0.02893806468508577 0.12400157129763 0.07162498363231636 0.2469556108419536
 0.06463288521199587 0.1423216132368149 0.06825232678386763 0.2426318510858325 0.03373836608066184 0.1217683557394002 0.07394002068252327 0.2527145811789038
 0.07592810347723837 0.1607592810347724 0.06719301192675961 0.2210650092390391 0.03813203426843608 0.1261548798924912 0.07441626070888628 0.2363514194523769
 0.06562768086931656 0.1618530168716042 0.07520732056048041 0.2160423219902774 0.0308836145267372 0.1323991993136975 0.08149842722333428 0.2364884186445525
 0.07056387384517362 0.147658489964957 0.05782096208983753 0.2451417648932781 0.03552086651799936 0.1095890410958904 0.07008601465434852 0.2636189869385154
 0.08127503337783712 0.1393524699599466 0.06425233644859812 0.2239652870493992 0.03271028037383177 0.1186582109479306 0.07977303070761015 0.2600133511348465
 0.06938653960690887 0.1572364502680167 0.07236450268016677 0.2307921381774866 0.03171530673019655 0.124329958308517 0.07370458606313282 0.2404705181655747
 0.06005674653215637 0.1404476670870113 0.0726670870113493 0.2512610340479193 0.02522068095838588 0.1127049180327869 0.08023329129886507 0.2574085750315259
 0.06898525833691141 0.1465578932302848 0.0664090453699728 0.234721625876628 0.0333476456275941 0.1239444682982682 0.07399456132818091 0.2520395019321597
 0.06899525657611039 0.1479085812850366 0.06338939197930142 0.2388960758947822 0.02802932298404485 0.1164294954721863 0.07158257869771453 0.2647692971108236
 0.07135485773256671 0.1578947368421053 0.06678460858027421 0.2296918767507003 0.03700427539436827 0.1278195488721804 0.06988058381247236 0.2395695120153324
 0.06603332814203396 0.1495094222083788 0.07132845351191404 0.2298707366453824 0.03254944712661579 0.124746924155116 0.08051705341847064 0.2454446347920885
 0.06201550387596899 0.1111527881970493 0.07414353588397099 0.2763190797699425 0.02600650162540635 0.1014003500875219 0.07064266066516629 0.2783195798949737
 0.07231713385304363 0.1263891192569249 0.06385801957206834 0.2579200530767955 0.03400232210980262 0.09736274672416653 0.07231713385304363 0.2758334715541549
 0.06745748177790481 0.1210518793768758 0.07031584964984994 0.2652565385165071 0.03101329141060455 0.1037587537516078 0.06902958410747463 0.2721166214091754
 0.05668668522044822 0.1297788193935843 0.06840486304379668 0.2623407060202139 0.02328987842390508 0.1133733704408964 0.06679361359308628 0.2793320638640691
 0.06343770384866275 0.1273646444879322 0.06833007175472929 0.2625570776255708 0.02641878669275929 0.09572733202870189 0.06800391389432485 0.288160469667319
 0.06052021632758177 0.1313417460726242 0.06811743497295905 0.2513520473860417 0.03476693278392995 0.1077774916301829 0.07751738346639196 0.2686067473602884
 0.06460974492133802 0.1524362303345043 0.06888651290667482 0.2361386894760959 0.02871544218726134 0.1249427218573392 0.07133038032686727 0.252940277989919
 0.06911412609736632 0.1426975259377494 0.0684756584197925 0.2400638467677574 0.03080606544293695 0.1120510774142059 0.07549880287310455 0.261292897047087
 0.06599937441351267 0.1365342508601814 0.06756334063184236 0.2463246793869252 0.03081013450109478 0.1046293400062559 0.07882389740381608 0.2693149827963716
 0.06874828814023555 0.1516023007395234 0.06737880032867707 0.2345932621199671 0.04053683922213092 0.1121610517666393 0.07628047110380717 0.2486989865790195
 0.06341463414634146 0.1586527293844367 0.06620209059233449 0.2394889663182346 0.03716608594657375 0.1191637630662021 0.07642276422764227 0.2394889663182346
 0.06574300461831024 0.1447976093452866 0.06560717196414018 0.2491170877478946 0.03477315946753599 0.1048628090192882 0.06465634338494974 0.2704428144525944
 0.07512783532188279 0.1505178969450636 0.06948996984397535 0.2299724662383637 0.04208732135833224 0.1219352301035794 0.07617674052707486 0.2346925396617281
 0.07334887334887336 0.1563325563325563 0.06993006993006994 0.2198912198912199 0.04118104118104118 0.1264957264957265 0.07987567987567988 0.232944832944833
 0.07147719537100068 0.1536759700476515 0.06705241660993873 0.2312797821647379 0.03624914908100749 0.1199795779441797 0.07011572498298162 0.2501701837985024
 0.07090569829194775 0.1408066599684226 0.07506817855604996 0.2467346059997129 0.0419118702454428 0.1080809530644467 0.06616908281900387 0.2503229510549734
 0.07337205747477836 0.1614185264445124 0.07138489758483645 0.2233261999388566 0.03668602873738918 0.1213696117395292 0.0698563130541119 0.2425863650259859
 0.07305863708399365 0.1592709984152139 0.08050713153724247 0.2137876386687797 0.03343898573692552 0.1315372424722663 0.0786053882725832 0.2297939778129952
 0.06791002277904327 0.1324031890660592 0.07374715261958997 0.243878132118451 0.04114464692482916 0.1141799544419134 0.06791002277904327 0.2588268792710706
 0.06856084002470661 0.156886967263743 0.07411982705373688 0.2285361334156887 0.03443483631871526 0.1247683755404571 0.07520074119827054 0.2374922791846819
 0.08276311502117954 0.1528185076572173 0.07754969045291626 0.2121212121212121 0.04398826979472141 0.1078527207559466 0.08765070055392636 0.2352557836428804
 0.07270595133391967 0.1301671064204046 0.079155672823219 0.2263265904426854 0.03869832893579595 0.1222515391380827 0.08589856347112283 0.2447962474347699
 0.08664973186565057 0.1270110076206604 0.07620660457239628 0.2404741744284505 0.04290149590742309 0.1010443127293254 0.08495625176404177 0.2407564211120519
 0.08994145822245875 0.1354443853113358 0.08488557743480575 0.2243214475784992 0.04683342203299627 0.09499733901011176 0.09659393294305482 0.2269824374667376
 0.07788062559846792 0.1283115225023939 0.06543249281838494 0.2451324609000957 0.04213214171720396 0.1021385253750399 0.07373124800510693 0.2652409830833067
 0.0815945188414824 0.1488632824665213 0.0834630956088446 0.2242292120834631 0.04391155403301152 0.1090003114294612 0.09062597321706634 0.2183120523201495
 0.06764115792490685 0.1392949269131556 0.07566638005159071 0.2447692748638578 0.03382057896245343 0.09888220120378331 0.0822585267985096 0.2576669532817426
 0.09193054136874361 0.1361082737487232 0.07865168539325842 0.2372318692543412 0.0449438202247191 0.09908069458631256 0.07992849846782431 0.2321246169560776
 0.08980702622464126 0.1575952498762989 0.070262246412667 0.2199406234537358 0.04898565066798614 0.1227115289460663 0.07471548738248392 0.2159821870361207
 0.07357645553422905 0.163787587971849 0.05374280230326296 0.2364043506078055 0.02719129878438899 0.1228406909788868 0.07037747920665387 0.2520793346129239
 0.09663754302356367 0.1593857558909187 0.08790045009266614 0.1940693672226635 0.04818639131585915 0.1220545406407201 0.09637278263171829 0.1953931691818904
 0.0856717159175565 0.1487459647380184 0.07673205860442016 0.2197665756146014 0.04072510553762106 0.1251552023839086 0.07747703004718152 0.2257263471566923
 0.08210180623973727 0.1502463054187192 0.07744937055281882 0.2099069512862616 0.05582922824302135 0.1143951833607006 0.08483853311439518 0.2252326217843459
 0.09471766848816029 0.1621129326047359 0.07771706132361871 0.1906496660595021 0.04280510018214936 0.1369156041287189 0.08682452944748027 0.2082574377656345
 0.08520475561426684 0.1628137384412153 0.08388375165125496 0.1935270805812417 0.03863936591809775 0.1393659180977543 0.09742404227212681 0.1991413474240423
 0.07837763770896136 0.1589476568922993 0.07317073170731707 0.2071800493285832 0.03672238969580707 0.1285283639353247 0.08166620992052617 0.2354069608111811
 0.0814058275758486 0.1231601081405828 0.07569840793030941 0.2367077200360469 0.03814959447281466 0.1066386302192851 0.09312105737458697 0.2451186542505257
 0.08365809301117173 0.1564042608469732 0.07846193816575733 0.2081060015588465 0.04364770070148091 0.1286048324240062 0.08807482462977397 0.2130423486619901
 0.08617345525076199 0.1740094208922139 0.06372956497644777 0.2103075644222776 0.0401773344416736 0.1349404267110003 0.08312551953449709 0.2075367137711277
 0.08624833110814419 0.1500667556742323 0.07903871829105474 0.2050734312416555 0.04592790387182911 0.1198931909212283 0.09158878504672897 0.2221628838451268
 0.09455040871934604 0.1465940054495913 0.08038147138964577 0.215258855585831 0.03542234332425068 0.1283378746594006 0.08692098092643052 0.2125340599455041
 0.09540907925109002 0.174916645293665 0.06924852526288792 0.1767119774301103 0.04770453962554501 0.1556809438317517 0.08822775070530905 0.1921005385996409
 0.09368123231688148 0.1342345174473436 0.07733417164413707 0.2153410877082678 0.03269412134548884 0.1134863250550141 0.09273813266268469 0.2404904118201823
 0.09709791158123135 0.1844317873609981 0.0832655275291565 0.1735828586927041 0.04339571467317602 0.1483590995389205 0.0957417954976946 0.1741253051261188
 0.09383789312196369 0.1585272308872411 0.07261569930963947 0.2048069547430325 0.04883661467655331 0.1242648938890309 0.08846842239836358 0.2086422909741754
 0.09228696530818457 0.1650387335803301 0.0855506904681711 0.1849107443583698 0.03974402155607949 0.1242842707982486 0.09733917143819468 0.2108454024924217
 0.0984657659720632 0.1669338218456606 0.0732768490954889 0.181360201511335 0.05266773528738265 0.1401419738951225 0.100068697046027 0.1870849553469201
 0.1009754811494859 0.1494858950698655 0.08278407592934353 0.1995781703137358 0.0506195623517005 0.1173213814922225 0.08858423411547588 0.2106511995781703
 0.09370388588293163 0.1692080668962125 0.0720609936055091 0.1844564682734875 0.04476143630103296 0.1431382193802263 0.0941957697983276 0.1984751598622725
 0.09665334665334666 0.1648351648351648 0.06793206793206794 0.1905594405594405 0.0501998001998002 0.1388611388611388 0.08891108891108891 0.202047952047952
 0.08477681545636243 0.150566289140573 0.07861425716189208 0.2155229846768821 0.03980679546968688 0.128580946035976 0.08427714856762158 0.217854763491006
 0.07693047408404655 0.1323204154245601 0.08346956438119051 0.233099336474661 0.04077315126454466 0.1101067410327916 0.08558515241850177 0.2377151649197038
 0.08124332977588047 0.1416755602988261 0.08017609391675561 0.2223852721451441 0.04188900747065102 0.1121931696905016 0.08911419423692636 0.2313233724653148
 0.08893892485223755 0.1455108359133127 0.09203490008443568 0.1995496763298621 0.04559527160146355 0.117084154235857 0.1007599211933577 0.2105263157894737
 0.0796659171217475 0.1326694506906521 0.07067137809187279 0.2415676196594924 0.03437198843559268 0.09829746225505943 0.07741728236427883 0.2653389013813042
 0.08645863154881191 0.1537360435156026 0.07328943601488691 0.2207271686229602 0.03864872602347552 0.1159461780704266 0.07500715717148583 0.2361866590323504
 0.08351648351648351 0.1535321821036107 0.08602825745682889 0.2144427001569859 0.03453689167974882 0.1111459968602826 0.09701726844583987 0.2197802197802198
 0.08069427527405602 0.1522533495736906 0.07947624847746651 0.2213763702801462 0.04598051157125457 0.1160170523751523 0.09135200974421437 0.2128501827040195
 0.08462389380530974 0.1426991150442478 0.07079646017699115 0.2356194690265487 0.03650442477876106 0.1114491150442478 0.07743362831858407 0.2408738938053097
 0.07041820418204182 0.1451414514145141 0.07964329643296433 0.2214022140221402 0.03690036900369004 0.1248462484624846 0.08825338253382534 0.2333948339483395
 0.08526740665993945 0.1498486377396569 0.08274470232088799 0.231079717457114 0.03027245206861756 0.09586276488395561 0.07568113017154389 0.2492431886982846
 0.08907613602166717 0.144447788143244 0.09088173337345772 0.2079446283478784 0.0403250075233223 0.1098405055672585 0.0839602768582606 0.2335239241649112
 0.09750566893424037 0.1617535903250189 0.09183673469387756 0.2018140589569161 0.04610733182161754 0.1050642479213908 0.06878306878306878 0.22713529856387
 0.06474960876369328 0.2331768388106416 0.06924882629107981 0.1594287949921753 0.03188575899843506 0.2032472613458529 0.06964006259780908 0.168622848200313
 0.07593543653705062 0.1632428466617755 0.1045487894350697 0.202494497432135 0.02971386647101981 0.1250917094644167 0.09427732942039618 0.2046955245781365
 0.07032498668087374 0.121470431539691 0.1172083111347896 0.2253596164091635 0.02077783697389451 0.1092168353755994 0.1044219499200852 0.231220031965903
 0.05830583058305831 0.1762926292629263 0.0517051705170517 0.2197469746974698 0.04042904290429043 0.1548404840484048 0.0539053905390539 0.2447744774477448
 0.07871621621621622 0.1317567567567567 0.09966216216216216 0.2185810810810811 0.02567567567567568 0.1010135135135135 0.09054054054054055 0.2540540540540541
 0.07994310099573257 0.1322901849217639 0.09786628733997155 0.2312944523470839 0.03186344238975818 0.0941678520625889 0.08705547652916074 0.2455192034139403
 0.07508532423208192 0.158703071672355 0.04948805460750853 0.2488623435722412 0.04948805460750853 0.1103526734926052 0.04692832764505119 0.2610921501706485
 0.09819121447028424 0.1369509043927649 0.08301033591731266 0.2202842377260982 0.05555555555555555 0.1001291989664083 0.07235142118863049 0.2335271317829457
 0.08653846153846154 0.1585081585081585 0.09353146853146853 0.2106643356643357 0.04108391608391608 0.1212121212121212 0.08682983682983683 0.2016317016317016
 0.08156727451946771 0.1813701330704781 0.09709216362740267 0.1865450961064564 0.04657466732380483 0.133809758501725 0.09536717594874322 0.1776737309019221
 0.09648206199930338 0.1779867641936607 0.08986415882967608 0.1644026471612678 0.04353883664228492 0.1529083942877046 0.08533611981887844 0.189481017067224
 0.101878612716763 0.1666666666666667 0.08429672447013488 0.1866570327552987 0.05491329479768786 0.1327071290944123 0.0773121387283237 0.1955684007707129
 0.07929515418502203 0.1530257361465337 0.09042429863204267 0.2153953164850452 0.03037329005332715 0.1203338743334106 0.08949686992812428 0.2216554602364943
 0.08194905869324474 0.136766334440753 0.09662236987818383 0.2439091915836102 0.03045404208194906 0.08250276854928018 0.07890365448504984 0.2488925802879291
 0.08683171869393613 0.1675636885540007 0.09723717258701112 0.1962683889486903 0.0369573017581629 0.129529960531037 0.08826695371367062 0.1973448152134912
 0.09600515463917526 0.1907216494845361 0.09890463917525773 0.1630154639175258 0.04542525773195876 0.1446520618556701 0.09149484536082474 0.1697809278350516
 0.09438400470449868 0.1528962069979418 0.07791825933548956 0.2081740664510438 0.04675095560129373 0.116142311084975 0.07144957365480741 0.23228462216995
 0.08205268935236004 0.1926454445664105 0.1062019758507135 0.1684961580680571 0.03100987925356751 0.1525795828759605 0.1020856201975851 0.1649286498353458
 0.06341259908218606 0.1685440133500209 0.1042970379641218 0.1948268669169796 0.02419691280767626 0.1426783479349187 0.09553608677513559 0.2065081351689612
 0.08430989583333333 0.2093098958333333 0.103515625 0.1617838541666667 0.02897135416666667 0.1513671875 0.09700520833333333 0.1637369791666667
 0.09354647720544701 0.1847246891651865 0.0941385435168739 0.1619301361752516 0.04026050917702783 0.1690349319123742 0.09621077560686797 0.160153937240971
 0.05595267438994331 0.2413113137786542 0.04732561005669213 0.150357406950949 0.03746610796154794 0.2344096623120532 0.05743159970421494 0.1757456248459453
 0.07491972886193364 0.1651801641098823 0.1105957902247592 0.1751694612914734 0.02176239743132358 0.1398501605422761 0.1073849447021049 0.2051373528362469
 0.07336573130584731 0.1744787584260856 0.06772221351308982 0.2086533939488948 0.03793698071798087 0.1451638187803731 0.07509013952030098 0.2175889637874275
 0.08615586977967774 0.1670503123972377 0.0973364024991779 0.2048668201249589 0.0335415981585005 0.116737915159487 0.08911542255836896 0.2051956593225913
 0.09100473435034193 0.2304050499736981 0.08942661756970016 0.135718043135192 0.04103103629668595 0.1756970015781168 0.09889531825355076 0.1378221988427143
 0.09995517705064993 0.1788435679067683 0.1062303899596593 0.1622590766472434 0.03944419542805917 0.1443298969072165 0.09547288211564321 0.1734648139847602
 0.08254187532377828 0.1820065619064065 0.1034363667760318 0.1738905197720601 0.03609048523571059 0.1545501640476602 0.09307546192367466 0.1744085650146779
 0.07660083782166367 0.1194893277478556 0.09674845401954917 0.2290045880710154 0.04807500498703371 0.1061240773987632 0.08517853580690206 0.2387791741472172
 0.0836866770810087 0.1479580450792234 0.09216692702521759 0.2066503012720375 0.03570631555456372 0.1301048873019415 0.08681097969203302 0.2169158669939746
 0.07975693125712116 0.1598936574249905 0.094948727687049 0.1927459172047095 0.03209266995822256 0.1450816559058109 0.09058108621344474 0.2048993543486517
 0.09161124222269899 0.200600729457198 0.09547307444754345 0.1589787599227634 0.03861832224844454 0.1742115425874276 0.08538940141600515 0.1551169276979189
 0.07909604519774012 0.09273329436976427 0.0898110266900448 0.259107734268459 0.03272939801285798 0.08630430547438145 0.08007013442431327 0.2801480615624391
 0.0808450132033313 0.1196424944139752 0.09242331911436116 0.2415193987406053 0.0312817387771684 0.09851716433069267 0.08328255128986391 0.2524883201300021
 0.08453118818409601 0.1279177106686008 0.0767506264011605 0.2377686931293683 0.04641962284056442 0.1031254121060266 0.0729262824739549 0.2505604641962284
 0.08317891702697139 0.138768787317274 0.08276714021000618 0.2262713609223801 0.0426189005558987 0.1220918262301832 0.07391393864525428 0.2303891290920321
 0.07907328128934778 0.1188617476706119 0.09292369680181314 0.2440191387559809 0.02795265676152103 0.0984638630067993 0.09015361369932007 0.2485520020146059
 0.0633937785640572 0.2596196373286156 0.07563025210084033 0.1233967271118974 0.03862597670647206 0.2260061919504644 0.07563025210084033 0.1376971841368126
 0.07258875952278281 0.1878683340520339 0.07460112117291937 0.1916055771165732 0.03981601264913037 0.1651573954290642 0.06439557280436969 0.2039672272531264
 0.07047992755810444 0.2592816178690009 0.07349833987322668 0.1211892544521582 0.04316329610624811 0.2383036522789013 0.07063084817386055 0.1234530636884998
 0.09894736842105263 0.2357894736842105 0.09263157894736843 0.1164912280701754 0.04807017543859649 0.2028070175438597 0.08315789473684211 0.1221052631578947
 0.09434515089364195 0.2516847348373865 0.101963082332259 0.08203926164664518 0.05479050688543803 0.221506006445942 0.09581013770876062 0.09786111924992676
 0.09986320109439124 0.2458960328317373 0.08310533515731874 0.1104651162790698 0.05677154582763338 0.2096443228454172 0.08139534883720931 0.112859097127223
 0.09394641085014886 0.2583526298379094 0.08865365530929541 0.09923916639100232 0.0499503804168045 0.2050942772080714 0.09196162752232881 0.1128018524644393
 0.0741665442796299 0.2741959171684535 0.06961374651196946 0.1055955353208988 0.04082831546482597 0.2468791305624908 0.07269789983844911 0.1160229108532824
 0.0847953216374269 0.2497911445279866 0.07142857142857142 0.1106934001670844 0.05346700083542189 0.2318295739348371 0.06683375104427736 0.1311612364243943
 0.07963655799037947 0.2150365223588099 0.0778549795118475 0.1594512738286122 0.04489577765900588 0.1874220559415642 0.0691252449670408 0.1665775877427401
 0.08911260253542133 0.2356450410141685 0.1002982848620433 0.1241610738255034 0.04138702460850112 0.1733780760626398 0.1002982848620433 0.1357196122296793
 0.08738862234407128 0.2104180945853324 0.09355723098012338 0.1624400274160384 0.0435229609321453 0.1528444139821796 0.08567511994516792 0.1641535298149417
 0.1017288900025056 0.1718867451766475 0.08544224505136558 0.1881733901277875 0.0511150087697319 0.1297920320721624 0.0726634928589326 0.199198195940867
 0.102328099621007 0.2349756361667569 0.1061180292365999 0.1256090958310774 0.04656199242014077 0.1727125067677314 0.08987547374120194 0.1218191662154846
 0.09670448406266882 0.1772015126958401 0.07941653160453808 0.1809832522960562 0.04321988114532685 0.142085359265262 0.08157752566180443 0.1988114532685035
 0.08916241368958271 0.1891323926748724 0.1047733413389373 0.1621134794356049 0.03182227559291504 0.1591113779645752 0.08736115280696488 0.1765235664965476
 0.096 0.2136 0.0864 0.1516 0.0412 0.1808 0.0736 0.1568
 0.08801108801108801 0.2467082467082467 0.1011781011781012 0.1237006237006237 0.04192654192654192 0.1857241857241857 0.08627858627858628 0.1264726264726265
 0.1018699413898967 0.1825286073123081 0.09349706949483673 0.1819704158526375 0.05051632710019537 0.1289422271839241 0.07954228300307005 0.1811331286631314
 0.09934899518822531 0.1989810359467874 0.1013303141805831 0.1525615624115483 0.04840079252759694 0.1542598358335692 0.09255590150014152 0.1525615624115483
 0.09502982107355865 0.2226640159045726 0.09184890656063618 0.1192842942345924 0.04532803180914513 0.2023856858846919 0.09304174950298211 0.1304174950298211
 0.09029896278218426 0.2156802928615009 0.1037217815741306 0.136058572300183 0.04179377669310555 0.1772422208663819 0.09304453935326419 0.1421598535692495
 0.09285051067780872 0.2200557103064067 0.09006499535747446 0.1225626740947075 0.02599814298978644 0.1959145775301764 0.09099350046425256 0.1615598885793872
 0.09454265949269793 0.1975403535741737 0.09274916730719959 0.1575710991544965 0.0415065334358186 0.1657699205739175 0.08608762490392007 0.1642326415577761
 0.1084770114942529 0.146551724137931 0.08405172413793104 0.2140804597701149 0.03448275862068965 0.1127873563218391 0.08045977011494253 0.2191091954022988
 0.05867870332375872 0.3395568321707017 0.04164956914238818 0.06565449322938038 0.03816167418957735 0.3338120640131309 0.04677882642593353 0.07570783750512926
 0.08180451127819549 0.2718796992481203 0.06646616541353384 0.1094736842105263 0.04225563909774436 0.2466165413533835 0.06556390977443609 0.1159398496240601
 0.08329455560725919 0.2340623545835272 0.09911586784550953 0.1568171242438343 0.04467194043741275 0.1628664495114006 0.08655188459748721 0.1326198231735691
 0.0935856992639327 0.1962846126883982 0.08902909218366632 0.1759551349456712 0.04100946372239748 0.1395022783035401 0.08096740273396424 0.1836663161584297
 0.09275136399064692 0.1636788776305534 0.09547934528448948 0.1866718628215121 0.03741231488698363 0.13717848791894 0.08573655494933749 0.201091192517537
 0.08397790055248619 0.1874769797421731 0.1009208103130755 0.172744014732965 0.03057090239410681 0.1701657458563536 0.08397790055248619 0.1701657458563536
 0.09671361502347418 0.1741784037558685 0.0880281690140845 0.186150234741784 0.04131455399061033 0.1568075117370892 0.08098591549295775 0.1758215962441315
 0.1018815052041633 0.1911529223378703 0.08827061649319455 0.1649319455564452 0.044435548438751 0.1591273018414732 0.08807045636509207 0.1621297037630104
 0.08883147853736088 0.1657392686804451 0.1065182829888712 0.1724960254372019 0.03994435612082671 0.1613672496025437 0.09220985691573927 0.1728934817170111
 0.09082007343941248 0.1077111383108935 0.08788249694002448 0.2283965728274174 0.03794369645042839 0.1074663402692778 0.08592411260709915 0.2538555691554468
 0.08428081573723155 0.1985201227215304 0.09438729471214583 0.1519581303013896 0.03771882331709078 0.1913012091680202 0.09005594658003971 0.1517776574625519
 0.08190743338008415 0.1741935483870968 0.07461430575035063 0.2015427769985975 0.03702664796633941 0.1545582047685835 0.06900420757363254 0.2071528751753156
 0.08658669574700109 0.1352235550708833 0.09073064340239913 0.2102508178844057 0.03794983642311887 0.1306434023991276 0.08920392584514722 0.2194111232279171
 0.08749569410954185 0.1674130210127454 0.09834653806407165 0.1899758870134344 0.03599724423010679 0.156045470203238 0.08129521184981055 0.1834309335170513
 0.08092948717948718 0.1493055555555556 0.0998931623931624 0.2158119658119658 0.03472222222222222 0.1188568376068376 0.08787393162393162 0.2126068376068376
 0.05531331755325775 0.1689298617167061 0.0718823969104273 0.2205057929487978 0.03214152236202816 0.1543540550641585 0.07125949919023296 0.2256135542543914
 0.05609899823217442 0.1648791985857395 0.06812021213906895 0.227224513847967 0.03794932233352976 0.1482616381850324 0.06210960518562168 0.2353565114908662
 0.05163593099345628 0.1675193337299227 0.07186198691255205 0.2285544318857823 0.03236168947055324 0.1472932778108269 0.06579417013682332 0.2349791790600833
 0.05098922309795721 0.1536110664307544 0.0673958500884671 0.2304970242882419 0.03345665111790252 0.147659642914589 0.0662699050989223 0.2501206369631655
 0.0563097033685269 0.1620160884866767 0.07076420311714429 0.220211161387632 0.03305681246857717 0.1577425842131724 0.06699346405228758 0.2329059829059829
 0.06308724832214765 0.1606263982102908 0.06428038777032066 0.2211782252050709 0.03803131991051454 0.152572706935123 0.06517524235645041 0.235048471290082
 0.05010286820767276 0.1566017185041752 0.0681350599056033 0.2293355923998548 0.03267578361369963 0.1480091976279801 0.06377828875711 0.2513614909839041
 0.05509238395673727 0.1754168544389365 0.06894997746732763 0.2273546642631816 0.0325597115817936 0.146011716989635 0.06804867057232988 0.2265660207300586
 0.05853478954472942 0.1724137931034483 0.0708062338937293 0.2146275616640078 0.03460547306417965 0.1548656276843784 0.06467051171922936 0.2294760093262977
 0.05902899056933287 0.1570613575503551 0.06939108161602049 0.229130282920014 0.03655838863662825 0.1319129118640121 0.06403539410874375 0.2528815927348935
 0.06429652042360061 0.175642965204236 0.07760968229954614 0.2059001512859304 0.04417549167927383 0.1549167927382753 0.07095310136157337 0.2065052950075643
 0.0673758865248227 0.180112293144208 0.07609338061465722 0.1894208037825059 0.04772458628841608 0.16725768321513 0.07786643026004728 0.1941489361702128
 0.06849698837372181 0.1664098613251156 0.07325956016248775 0.1998879394873231 0.04874632301442779 0.1518419946771256 0.07171872811318111 0.2196386048466172
 0.06270802822526961 0.1673545466648915 0.07189455465317535 0.2159499400878711 0.04167221408600719 0.1527093596059113 0.06656903208627346 0.2211423245906005
 0.07367303609341826 0.2097664543524416 0.07176220806794055 0.1753715498938429 0.03885350318471337 0.1817409766454352 0.06518046709129512 0.1836518046709129
 0.06969026548672566 0.179646017699115 0.08827433628318584 0.2015486725663717 0.04247787610619469 0.1451327433628319 0.0745575221238938 0.1986725663716814
 0.06191037735849057 0.1404775943396226 0.08063089622641509 0.2340801886792453 0.03699882075471698 0.129127358490566 0.07163915094339622 0.2451356132075472
 0.07889344262295082 0.1953551912568306 0.07855191256830601 0.1772540983606557 0.04849726775956284 0.1639344262295082 0.07274590163934426 0.1847677595628415
 0.06711842529848339 0.1865117779929009 0.07970313004194901 0.1874798322039367 0.04388512423362375 0.1774766053565666 0.06615037108744756 0.191674733785092
 0.05629096517157178 0.1452255494152423 0.07865312941781262 0.2432849248168616 0.03547101914920962 0.1244056033928801 0.0702994473718031 0.2463693612646189
 0.05107477494029028 0.1635127686937351 0.07495866250229653 0.2298364872313063 0.03417233143487047 0.1519382693367628 0.06393532978137056 0.230571376079368
 0.05727424749163879 0.1567725752508361 0.07469342251950947 0.2107023411371237 0.03260869565217391 0.1640189520624303 0.07260312151616499 0.2313266443701226
 0.0519354447275816 0.1599320470816648 0.06940905229947822 0.2198762286130324 0.03567528212595559 0.1598107025846378 0.06394854993326053 0.239412692634389
 0.05136235515189477 0.1534606952709051 0.07438145944253054 0.2358283745693705 0.03257124960851863 0.1390541810209834 0.07062323833385531 0.2427184466019418
 0.06417704011065006 0.1669432918395574 0.06334716459197787 0.2087136929460581 0.04605809128630706 0.1615491009681881 0.06390041493775933 0.2253112033195021
 0.05376741891725244 0.1640152916512517 0.06868911086447158 0.2161795535824393 0.03514613392526822 0.1488469601677149 0.07127882599580712 0.2420767048957948
 0.05679928361263912 0.170781629781246 0.07406933606242805 0.2124856082896252 0.03671485224510682 0.1499296405270564 0.06818472559805552 0.2310349238838429
 0.06673090821488797 0.1915201156347868 0.08937605396290051 0.1871838111298482 0.03107684895205974 0.1669477234401349 0.0775716694772344 0.1895928691881474
 0.056590084643289 0.1756952841596131 0.0720677146311971 0.2066505441354293 0.04353083434099154 0.162273276904474 0.07533252720677146 0.2078597339782346
 0.05911652903394941 0.1402542928299908 0.06658801939965919 0.2550793026608992 0.03709529427185738 0.1247869969851881 0.05964084414733255 0.2574387206711233
 0.06585879873551106 0.1510361784334387 0.08798735511064278 0.2181243414120126 0.03442219880576045 0.1440112399016509 0.07586933614330875 0.2226905514576747
 0.07652290652794093 0.1639536835039436 0.07820104044302735 0.2131230072159758 0.04396710857526431 0.142641382782346 0.07148850478268166 0.2101023661688203
 0.06698830951939136 0.1827797365002783 0.08832807570977919 0.1981814807942104 0.03859714232696233 0.1545741324921136 0.07997773241788829 0.1905733902393765
 0.06762997169670788 0.1668404588112617 0.08356919410099806 0.2002085505735141 0.04036943244451065 0.1611798003873082 0.07626992402800536 0.203932667957694
 0.07559021009313407 0.1685076889755252 0.08728611652588261 0.2096599523500108 0.04266839939354559 0.142949967511371 0.06779293913796838 0.2055447260125623
 0.08033141210374639 0.1754322766570605 0.09546109510086455 0.1775936599423631 0.05151296829971182 0.1552593659942363 0.07636887608069164 0.1880403458213256
 0.07476851851851851 0.1851851851851852 0.08842592592592592 0.1763888888888889 0.04814814814814815 0.1694444444444445 0.08032407407407408 0.1773148148148148
 0.08145240431795878 0.1699705593719333 0.09087340529931305 0.18900883218842 0.04612365063788027 0.1530912659470069 0.07850834151128558 0.1909715407262021
 0.07967366776601284 0.1699357750390557 0.09703176531852109 0.1862523867384135 0.0425273390036452 0.1506682867557716 0.08470751605624023 0.1892032633223399
 0.07173371306514774 0.1689213243147027 0.08579565681737274 0.2004271982912068 0.04681381274474902 0.1585973656105376 0.07547169811320754 0.1922392310430758
 0.0656906906906907 0.1463963963963964 0.09684684684684684 0.2237237237237237 0.02477477477477477 0.1234984984984985 0.07995495495495496 0.2391141141141141
 0.0612153708668454 0.1454423592493298 0.0886952636282395 0.2124664879356568 0.03686327077747989 0.1436550491510277 0.07931188561215372 0.2323503127792672
 0.08193523214982443 0.1798673429574717 0.09442060085836911 0.185719859539602 0.04721030042918455 0.1490440889582521 0.08388607101053452 0.1779165040967616
 0.06946902654867257 0.1429203539823009 0.09955752212389381 0.2141592920353982 0.02610619469026549 0.1446902654867257 0.0752212389380531 0.2278761061946903
 0.07158625039419741 0.163355408388521 0.08640807316304006 0.2153894670450962 0.03595080416272469 0.1349731945758436 0.07253232418795333 0.2198044780826238
 0.05693693693693694 0.1679279279279279 0.09477477477477478 0.2046846846846847 0.03243243243243243 0.1488288288288288 0.08432432432432432 0.2100900900900901
 0.0775 0.185 0.09166666666666666 0.1995833333333333 0.03416666666666666 0.1475 0.06875000000000001 0.1958333333333333
 0.07050555429607799 0.1432781682158241 0.08025391067785083 0.2192246656087055 0.03854001360235774 0.1319428700974836 0.07481296758104738 0.2414418499206529
 0.07296538821328344 0.1774243841596508 0.08387901465544122 0.1923916432803243 0.03461178671655753 0.1478016838166511 0.07234175241658872 0.218584346741503
 0.06989457243264349 0.1522842639593909 0.09176103084732526 0.2284263959390863 0.04412338930105428 0.1116751269035533 0.07106598984771574 0.2307692307692308
 0.05302157088753499 0.1784949777704594 0.07953235633130248 0.2061584060596081 0.02848674460727811 0.1577474065535979 0.07327515231351886 0.2232833854767002
 0.06046849464318141 0.1545305974214636 0.08389322680225168 0.2168149627746505 0.03304884692209915 0.1467223533684402 0.0779008534592337 0.2266206646086799
 0.06296296296296296 0.1658730158730159 0.0746031746031746 0.2082010582010582 0.03571428571428571 0.1576719576719577 0.07380952380952381 0.2211640211640212
 0.05515710382513661 0.141051912568306 0.0823087431693989 0.2435109289617486 0.02834699453551913 0.1238046448087432 0.07172131147540983 0.2540983606557377
 0.05471521942110177 0.1605975723622783 0.07973856209150326 0.2296918767507003 0.0253968253968254 0.1337068160597572 0.0761904761904762 0.2399626517273576
 0.05810510732790525 0.1702442635085122 0.09289415247964471 0.1865284974093264 0.02849740932642487 0.1680236861584012 0.09104367135455219 0.2046632124352332
 0.06247075339260646 0.1679925128685072 0.08095460926532522 0.2330369677117454 0.02433317735142724 0.1162845109967244 0.06925596630790828 0.2456715021057557
 0.06225139220365951 0.1435958631662689 0.0805489260143198 0.2476133651551313 0.03361177406523468 0.1173428798727128 0.07000795544948289 0.2450278440731901
 0.0522344747533372 0.1567034242600116 0.0954730121880441 0.2095182820661637 0.01596053395240859 0.1456761462565293 0.08763784097504353 0.236796285548462
 0.05457254609796983 0.1553361892344943 0.08008940212330043 0.2236915626746135 0.0296144533432669 0.1441609238219408 0.07450176941702366 0.2380331532873906
 0.06245601688951442 0.1630893736805067 0.07459535538353272 0.2266009852216749 0.02603800140745954 0.1425052779732583 0.07653061224489796 0.2281843771991555
 0.06233253419827951 0.1954590325765054 0.06501198702580736 0.2065999153857002 0.03074319560005641 0.1630235509801156 0.06896065435058525 0.2078691298829502
 0.06269654088050315 0.1953616352201258 0.06682389937106918 0.2036163522012579 0.03105345911949686 0.1629323899371069 0.07252358490566038 0.2049921383647799
 0.06897746967071057 0.2017331022530329 0.07868284228769497 0.1712305025996534 0.02842287694974004 0.1785095320623917 0.08422876949740035 0.1882149046793761
 0.07293497363796134 0.1647627416520211 0.08567662565905097 0.2051845342706503 0.03339191564147628 0.1414762741652021 0.07513181019332162 0.2214411247803164
 0.06361754187841144 0.1584792019574628 0.08488612836438923 0.2151326933935629 0.02860907208733296 0.1411631846414455 0.08055712403538491 0.2275550536420102
 0.0555729656325081 0.1608691110414708 0.07364462550924475 0.2113235140499321 0.03353180821059229 0.158779901807166 0.07364462550924475 0.2326334482398412
 0.08289768483943241 0.1680358476474981 0.08737864077669903 0.1859596713965646 0.04219566840926064 0.1452576549663928 0.08999253174010456 0.1982823002240478
 0.05805016181229773 0.1432038834951456 0.08454692556634304 0.2372572815533981 0.02548543689320388 0.1239886731391586 0.07099514563106796 0.2564724919093851
 0.06784423926134082 0.1682055399437977 0.07828181453231634 0.2175832998795664 0.03492573263749498 0.1389000401445203 0.07306302689682859 0.2211963067041349
 0.05336866010598032 0.1489401968205905 0.08421650264950795 0.2325889477668433 0.0291445874337623 0.134557153671461 0.07929598788796366 0.237887963663891
 0.06506849315068493 0.1731898238747554 0.07876712328767123 0.1971624266144814 0.03277886497064579 0.1590019569471624 0.08072407045009784 0.213307240704501
 0.04557463672391017 0.1530162923822105 0.08718626155878467 0.2448260678115368 0.01937472479084104 0.130779392338177 0.07419638925583444 0.2450462351387054
 0.05577136514983352 0.1517758046614872 0.07241953385127636 0.2192008879023307 0.02413984461709212 0.1528856825749167 0.0804661487236404 0.2433407325194229
 0.05924276169265033 0.1959910913140312 0.09175946547884187 0.1697104677060134 0.03073496659242762 0.1737193763919822 0.09398663697104677 0.1848552338530067
 0.05614035087719298 0.1397129186602871 0.07145135566188197 0.235725677830941 0.02838915470494418 0.1448165869218501 0.06921850079744817 0.2545454545454545
 0.05825242718446602 0.1260154547255795 0.08262334059837527 0.2512383594214385 0.02496532593619972 0.1182880919358034 0.06994254012284526 0.2686744600752923
 0.04861921431349669 0.1532477635161416 0.1007390120575651 0.2240373395565928 0.01983663943990665 0.1252430960715675 0.08556981719175417 0.2427071178529755
 0.05662700041034058 0.1460812474353713 0.1050471891670086 0.2277390233894132 0.01518260155929421 0.1366434140336479 0.08494050061551088 0.2277390233894132
 0.05511363636363636 0.1568181818181818 0.09545454545454546 0.2005681818181818 0.02698863636363636 0.1502840909090909 0.08664772727272728 0.228125
 0.08489761092150171 0.2218430034129693 0.05098122866894198 0.158703071672355 0.04458191126279863 0.2171501706484642 0.06825938566552901 0.1535836177474403
 0.07040176925912274 0.2143383708072245 0.05252488020641356 0.1686325101363804 0.03925543678584593 0.2100995208256543 0.05952819756726871 0.1852193144120899
 0.07849954254345837 0.1884720951509607 0.06440988106129918 0.1868252516010979 0.04354986276303751 0.1666971637694419 0.07392497712717291 0.1976212259835316
 0.07372732592159158 0.2186463818997464 0.05188219231519407 0.1683245562707236 0.03920421299005266 0.1985566608152916 0.06612053832650673 0.1835381314608933
 0.07090177673483071 0.1959436808581964 0.06017432115320148 0.1672812604760308 0.0457593027153872 0.1979550787797519 0.07224270868253437 0.1897418706000671
 0.07434876989869754 0.3006512301013025 0.05752532561505065 0.08212735166425471 0.04034008683068017 0.2771345875542692 0.07326338639652677 0.09460926193921852
 0.06754385964912281 0.258187134502924 0.06885964912280702 0.131140350877193 0.03757309941520468 0.2230994152046784 0.07222222222222222 0.141374269005848
 0.07573415765069552 0.2016142881676112 0.06594538897475528 0.1760261033831358 0.04482225656877898 0.1794607590589044 0.06972351021810064 0.1866735359780182
 0.07481681450057848 0.2288854608561512 0.07038179714616274 0.1440416505977632 0.04319321249517933 0.2070960277670652 0.08175858079444659 0.1498264558426533
 0.07268537913699204 0.2584834520318391 0.06325932132383745 0.14390448261416 0.04880603267700042 0.2126099706744868 0.06975282781734395 0.1304985337243402
 0.06392961876832845 0.2934017595307918 0.05 0.1107038123167155 0.03592375366568915 0.2658357771260997 0.06041055718475073 0.1197947214076246
 0.06414708886618999 0.2510725229826353 0.05597548518896833 0.1378958120531154 0.0390194075587334 0.239223697650664 0.06680286006128702 0.1458631256384065
 0.07310108509423187 0.3289548829240434 0.04968589377498572 0.06796116504854369 0.03731201218351418 0.2994479345136113 0.05977536645726252 0.08376166000380734
 0.08119320426708811 0.3093638877913868 0.05472145397076254 0.08060055314105097 0.03951007506914263 0.2767680758593442 0.06736467799288819 0.09047807190833662
 0.06615106137896988 0.2827052822116176 0.05693598815204871 0.1115682079973671 0.03521474411716308 0.256047391805167 0.06861938456475235 0.1227579397729143
 0.06334750050597045 0.3011536126290225 0.07103825136612021 0.09451528030763004 0.03642987249544627 0.2645213519530459 0.07690750860149767 0.09208662214126695
 0.08452088452088452 0.3017199017199017 0.05438165438165438 0.08517608517608517 0.04586404586404586 0.2748566748566749 0.06208026208026208 0.0914004914004914
 0.0708235718147414 0.3328527662641917 0.05027932960893855 0.07641016399351235 0.02991530005406379 0.3013155523517751 0.06289421517390521 0.07550910073887186
 0.0721589812849701 0.2917229403820181 0.0586532896006174 0.09145282654833108 0.03685124445301949 0.2726220335712908 0.07794713486397839 0.09859154929577464
 0.06417624521072797 0.2978927203065134 0.06066411238825032 0.09482758620689655 0.04150702426564495 0.2626117496807152 0.07215836526181353 0.1061621966794381
 0.07840031676895665 0.301128489408038 0.05424668382498515 0.09720847356959018 0.04019006137398535 0.2714313997228271 0.06830330627598495 0.08909126905563255
 0.08304317548746518 0.3112813370473538 0.05901810584958217 0.07416434540389973 0.05100974930362117 0.286908077994429 0.0644150417827298 0.07016016713091922
 0.08977719528178243 0.1775884665792923 0.05963302752293578 0.1865443425076453 0.05395369156837047 0.1760594145915247 0.063564875491481 0.1928789864569681
 0.0739853227497379 0.2423243971843642 0.05945784034746143 0.1344915381159203 0.05032200089860716 0.240077879287105 0.06454994758124906 0.1347910738355549
 0.07656471541421916 0.2655458780636014 0.05691715616771319 0.1191006684221187 0.04739720478023091 0.2515697792181487 0.0591452298966984 0.1237593680372696
 0.07921955806299953 0.2846732487070992 0.05618241654913023 0.09332393041842971 0.05500705218617771 0.2722143864598026 0.06252938410907381 0.09685002350728726
 0.08203244566880931 0.2938475665748393 0.05846342209978574 0.0869299051117233 0.04759718396082033 0.2768595041322314 0.06963575145393328 0.08463422099785736
 0.08811641067097817 0.183777957423875 0.05470223659391 0.1853947722985718 0.05039073026138507 0.1694960926973861 0.07087038534087847 0.1972514147130154
 0.08501217622315696 0.166924950188178 0.05822448527783927 0.2083241089218508 0.04826212087668807 0.152534868275404 0.06862962143015276 0.2120876688067301
 0.07853211009174312 0.304954128440367 0.05467889908256881 0.0834862385321101 0.04770642201834863 0.2867889908256881 0.06477064220183486 0.07908256880733945
 0.07788792231438398 0.1776249241351406 0.05522961764110864 0.2023062917256727 0.04491199676309933 0.1709488165081934 0.06271495043495853 0.2083754804774428
 0.09136600251301383 0.2608149344821397 0.07233889786393825 0.1093161012385568 0.05528630407467241 0.2347872913301023 0.07574941662179142 0.1003410518757853
 0.08605750295391887 0.2755021662071682 0.07936195352500984 0.1114612051988972 0.04273335959038992 0.2329657345411579 0.06813706183536826 0.1037810161480898
 0.081145584725537 0.2531424025457438 0.06873508353221958 0.1360381861575179 0.04900556881463803 0.217024661893397 0.07064439140811456 0.1242641209228321
 0.08239831697054699 0.2896213183730715 0.06486676016830295 0.1051893408134642 0.04926367461430575 0.2492987377279102 0.06556802244039271 0.0937938288920056
 0.07954756165399592 0.2139810865937326 0.06953458186538104 0.1548303356202485 0.04635638791025403 0.1945114036714259 0.06805117745225292 0.1731874652327091
 0.07997899894994749 0.2905145257262863 0.0656282814140707 0.1008050402520126 0.04550227511375569 0.2525376268813441 0.06930346517325867 0.09572978648932447
 0.08315565031982942 0.2327647476901208 0.06076759061833688 0.148542999289268 0.05046197583511016 0.2100213219616205 0.06645344705046198 0.1478322672352523
 0.08264652014652014 0.2621336996336996 0.06868131868131869 0.1112637362637363 0.05082417582417582 0.2371794871794872 0.07692307692307693 0.1103479853479853
 0.09690126050420168 0.2696953781512605 0.07641806722689076 0.1016281512605042 0.0506827731092437 0.2279411764705882 0.0779936974789916 0.09873949579831932
 0.08453993460999533 0.2634283045305932 0.07146193367585241 0.1083605791686128 0.03876693134049509 0.2344698738907053 0.07940214852872489 0.119570294255021
 0.07700355722954592 0.1937643858547813 0.06675036618539443 0.1713747645951036 0.043523749738439 0.1774429797028667 0.07972379158819837 0.1904164051056706
 0.09763181411974978 0.2171581769436997 0.0694816800714924 0.1429848078641644 0.06009830205540662 0.1854334226988383 0.07216264521894548 0.1550491510277033
 0.1021634615384615 0.1698717948717949 0.06490384615384616 0.1927083333333333 0.05689102564102564 0.1462339743589744 0.08092948717948718 0.1862980769230769
 0.0936678614097969 0.1670250896057348 0.06881720430107527 0.1866188769414576 0.05304659498207885 0.1486260454002389 0.07670250896057347 0.2054958183990442
 0.0728643216080402 0.2386934673366834 0.07014237855946398 0.1375628140703518 0.04208542713567839 0.2093802345058627 0.07412060301507538 0.1551507537688442
 0.06737425011536687 0.2600369173973235 0.06160590678357176 0.1112136594370097 0.04130133825565298 0.2508075680664513 0.07198892478080296 0.135671435163821
 0.08310626702997276 0.1830154405086285 0.05381471389645776 0.184377838328792 0.05018165304268846 0.1630336058128974 0.06380563124432334 0.2186648501362398
 0.08433048433048433 0.1665716999050332 0.06210826210826211 0.194681861348528 0.05185185185185185 0.1492877492877493 0.07369420702754036 0.2174738841405508
 0.08394160583941605 0.2142335766423358 0.07226277372262774 0.1441605839416058 0.05291970802919708 0.1788321167883212 0.08905109489051095 0.1645985401459854
 0.06850828729281767 0.2269928966061563 0.06677190213101815 0.1526440410418311 0.04404104183109708 0.2048934490923441 0.07119179163378059 0.164956590370955
 0.0737506966375627 0.2435444919190043 0.0614898755340888 0.1456436931079324 0.04402749396247446 0.2156789894111091 0.06297603566784321 0.1528887237599851
 0.07342479674796748 0.2535569105691057 0.06021341463414634 0.1219512195121951 0.04776422764227643 0.2441565040650407 0.06783536585365854 0.1310975609756098
 0.08158614402917047 0.1615770282588879 0.05264357338195078 0.2089790337283501 0.04740200546946217 0.1538286235186873 0.06882406563354604 0.2251595259799453
 0.06683533628505166 0.2386675100147586 0.05840185536580224 0.1317731393632722 0.03837233818258486 0.2367699768079275 0.07695551338815096 0.152224330592452
 0.06079454253611557 0.2867174959871589 0.04534510433386838 0.1121589085072231 0.04574638844301766 0.2634430176565008 0.05457463884430177 0.1312199036918138
 0.06663122452596137 0.2973595605174553 0.04891015417331207 0.09285840864788233 0.04040404040404041 0.279284068757753 0.06220095693779904 0.1123515860357966
 0.07370433305012744 0.1922259983007646 0.04821580288870009 0.1905267629566695 0.03865760407816483 0.1805437553101104 0.05649957519116398 0.2196261682242991
 0.06540649046503848 0.2330210772833724 0.0585480093676815 0.1413516226162596 0.04064904650384744 0.2271662763466042 0.06490465038474406 0.1689528270324523
 0.07267441860465117 0.2265503875968992 0.06472868217054263 0.1439922480620155 0.04302325581395349 0.2176356589147287 0.07267441860465117 0.1587209302325581
 0.07701681696319766 0.2936875456982695 0.05508164757494517 0.09017791859614915 0.04923226907141116 0.2617596880331465 0.06361199122593224 0.1094321228369486
 0.07640692640692641 0.2623376623376623 0.06038961038961039 0.1279220779220779 0.04523809523809524 0.2311688311688312 0.06861471861471861 0.1279220779220779
 0.07838479809976247 0.1923990498812352 0.06334125098970704 0.1892319873317498 0.04038004750593824 0.1625758775402481 0.07706518870414357 0.1966217999472156
 0.0919661733615222 0.2223396758280479 0.05250176180408739 0.1434108527131783 0.04545454545454546 0.2085976039464412 0.07152924594785059 0.164200140944327
 0.08818861936068918 0.2366810247109499 0.05463613693040127 0.1444116980276581 0.04896848787123102 0.2094763092269327 0.06642484697347541 0.1512128768986624
 0.08243727598566308 0.2759856630824373 0.04457885304659498 0.1030465949820789 0.04838709677419355 0.2768817204301075 0.06451612903225806 0.1041666666666667
 0.09054325955734406 0.1871227364185111 0.0772635814889336 0.1766599597585513 0.04989939637826962 0.1585513078470825 0.07766599597585513 0.1822937625754527
 0.08445440956651719 0.1497259591429995 0.05879422022919781 0.2209765819631291 0.04932735426008968 0.1362730443447932 0.07149975087194818 0.2289486796213254
 0.09370165745856354 0.2640883977900553 0.06099447513812155 0.09502762430939227 0.05392265193370166 0.2521546961325967 0.07602209944751381 0.1040883977900552
 0.09337433603578418 0.2532848755940733 0.050041934582052 0.1199329046687168 0.05283757338551859 0.2398658093374336 0.06597707576181157 0.12468549063461
 0.06485825005098919 0.312053844584948 0.07546400163165409 0.07220069345298796 0.03773200081582705 0.2849275953497858 0.08097083418315316 0.07179277993065471
 0.07551848512173129 0.2015329125338143 0.07236248872858431 0.1794409377817854 0.03809738503155996 0.178990081154193 0.06672678088367899 0.1873309287646528
 0.07546764136744787 0.2930552569339927 0.05783702429585035 0.08965813803483122 0.04020640722425285 0.2728445495592346 0.06729735540743927 0.1036336271769512
 0.07744826114785577 0.2150629400469384 0.0541924471943674 0.1683379560486452 0.0390441647109025 0.1982078088329422 0.06208662257307446 0.1856197994452742
 0.07678844891708597 0.2511485451761102 0.05928680813826296 0.1201050098446729 0.03762852767446948 0.2520236272150514 0.07569459636840954 0.1273244366659374
 0.07358235823582358 0.3319081908190819 0.04365436543654366 0.06075607560756076 0.04252925292529253 0.315031503150315 0.06413141314131413 0.06840684068406841
 0.0737025730484082 0.3307893589184475 0.056694286960314 0.06672481465329264 0.0453554295682512 0.3011338857392063 0.06890536415176625 0.056694286960314
 0.08547008547008547 0.3227232537577365 0.05540819333922782 0.06601827291482464 0.04804008252284114 0.282640730916593 0.08045977011494253 0.0592396109637489
 0.06820658095445631 0.2359991283504031 0.05905426018740467 0.141643059490085 0.0383525822619307 0.2244497711919808 0.07779472651993899 0.1544998910438004
 0.07349573183427024 0.1763481157609827 0.06516760358109515 0.2007078909015199 0.03955860920258172 0.1528211534457631 0.07599417031022278 0.2159067249635644
 0.05510504976041283 0.2622558053814965 0.06081828234426834 0.1210836712126797 0.03298931072613343 0.25488389237007 0.06948028013269443 0.1433837080722447
 0.05376101197199006 0.2834876891800316 0.05850463067540095 0.1269482719674723 0.04201490851592501 0.2378585949853174 0.07115428055116331 0.1262706121526994
 0.05524861878453038 0.2676243093922652 0.0625414364640884 0.1253038674033149 0.03779005524861878 0.2495027624309392 0.07160220994475137 0.1303867403314917
 0.06113266097750194 0.2629945694336695 0.06594259115593483 0.1208688906128782 0.03475562451512801 0.239255236617533 0.07711404189294026 0.1379363847944143
 0.04825291181364393 0.2743047302115522 0.06299025433800808 0.126693605894937 0.03066318041359639 0.2562396006655574 0.06917043023532209 0.1316852864273829
 0.05484731692855025 0.2694930329083902 0.05870145271271865 0.1171064334420397 0.03320486214052772 0.2431070263860065 0.07678624369997035 0.1467536317817966
 0.05114916629112213 0.2699414150518252 0.05419107706173952 0.1222397476340694 0.03402433528616494 0.2584497521406039 0.06399278954484001 0.146011716989635
 0.06675257731958763 0.2376288659793814 0.07371134020618557 0.1309278350515464 0.03247422680412371 0.2149484536082474 0.08582474226804124 0.1577319587628866
 0.06735299249694643 0.259989530622928 0.06456115861106264 0.1230151805967545 0.03699179898796021 0.2407956726574769 0.06874890943988833 0.1385447565869831
 0.06925908881730326 0.2519558214450069 0.05752416014726185 0.1385181776346065 0.03244362632305568 0.2248044178554993 0.06327657616198804 0.1622181316152784
 0.05725114701775384 0.2409734689806503 0.07041691601835229 0.1486136046279673 0.02254139237981249 0.2138440055854778 0.07799720726112108 0.168362258128865
 0.0608665749656121 0.2795735900962861 0.04986244841815681 0.1220770288858322 0.03335625859697387 0.265818431911967 0.05845942228335626 0.1299862448418157
 0.07261175402768323 0.2441570229180849 0.05967778534150216 0.1254821874290901 0.03539823008849557 0.2330383480825959 0.0651236668935784 0.1645110052189698
 0.0759050214091086 0.1965745426235889 0.08252238224990269 0.1771117166212534 0.02802646944336318 0.1673803036200856 0.08213312572985597 0.1903464383028416
 0.06442577030812324 0.2058823529411765 0.09290382819794585 0.1489262371615313 0.02801120448179272 0.1797385620915033 0.1087768440709617 0.1713352007469655
 0.06414141414141414 0.2222222222222222 0.07727272727272727 0.1358585858585858 0.03131313131313131 0.198989898989899 0.07676767676767676 0.1934343434343434
 0.05285816790241569 0.2839033723989476 0.06577373834011002 0.1171968428605597 0.0298971537909591 0.2611815355178187 0.07223152355895719 0.116957665630232
 0.06310182339684491 0.2618315918869084 0.06392132759680394 0.1247695144437615 0.02581438229870928 0.2415488629379225 0.06883835279655809 0.1501741446424913
 0.05921619293712317 0.2655038759689923 0.06029285099052541 0.1347975882859604 0.03251507321274763 0.2340654608096469 0.06847545219638243 0.1451335055986219
 0.06204150073359883 0.2810731502829595 0.04841752253196395 0.1238734018025571 0.02976315237895619 0.2534059945504087 0.06183190106895829 0.1395933766505974
 0.06186726659167604 0.1732283464566929 0.1214848143982002 0.1597300337457818 0.01237345331833521 0.1439820022497188 0.124859392575928 0.2024746906636671
 0.05780795344325897 0.2564500484966052 0.06595538312318137 0.1282250242483026 0.03220174587778855 0.2391852570320078 0.08011639185257032 0.1400581959262852
 0.07563959955506118 0.2410085279940675 0.07007786429365963 0.135706340378198 0.03707823507601038 0.1957730812013348 0.07081942899517983 0.1738969225064887
 0.06244444444444444 0.26 0.06822222222222223 0.1153333333333333 0.03822222222222222 0.2555555555555555 0.07111111111111111 0.1291111111111111
 0.07256020278833968 0.2604562737642586 0.06210392902408111 0.100126742712294 0.04689480354879594 0.2595057034220533 0.07097591888466413 0.1273764258555133
 0.05920837422309454 0.248609748119071 0.06117108276087668 0.1213608112528623 0.03532875368007851 0.2574419365390906 0.06967615309126594 0.1472031403336604
 0.06280687397708674 0.2450900163666121 0.07221767594108019 0.1366612111292962 0.02741407528641571 0.2379296235679214 0.07528641571194762 0.1425941080196399
 0.0679969004261914 0.2336303758233243 0.07264626113909338 0.1276636962417668 0.03022084463386284 0.2241379310344828 0.08446338628438589 0.1592406044168927
 0.06693643567695161 0.2753329961220705 0.05445961895127297 0.1053785196425561 0.037599055808464 0.2571235879278368 0.06626201315123925 0.1369077727196088
 0.06486201441378098 0.289154508701002 0.05607312357180524 0.1082791351731412 0.03269467393214976 0.2513622780805063 0.06328001406222535 0.1342942520653893
 0.05957526780680323 0.2820898327382071 0.0665288479609096 0.1011088141326818 0.02988160120278143 0.2567186619056568 0.06840819394850592 0.1356887803044541
 0.06563935397836716 0.2649281375018521 0.06534301377981923 0.1203141206104608 0.0371906949177656 0.2449251740998666 0.06949177655949029 0.1321677285523781
 0.05154639175257732 0.249671977507029 0.07047797563261481 0.1250234301780694 0.02736644798500469 0.242174320524836 0.07722586691658856 0.1565135895032802
 0.06117455138662316 0.1963023382272975 0.07640021750951605 0.176726481783578 0.03262642740619902 0.1846112017400761 0.08319738988580751 0.1889613920609027
 0.08291708291708291 0.2092907092907093 0.08891108891108891 0.1478521478521478 0.03246753246753246 0.1708291708291708 0.07942057942057942 0.1883116883116883
 0.0677746999076639 0.2325023084025854 0.06906740535549399 0.1333333333333333 0.04210526315789474 0.2271468144044321 0.07036011080332411 0.1577100646352724
 0.0688851208139042 0.2371767698177194 0.06316235693090293 0.1339550657058075 0.03327681220856295 0.2233997456549385 0.07503179313268334 0.1651123357354811
 0.06968234194954842 0.2366085331672376 0.06158517595764559 0.1420896916848334 0.03752725007785736 0.2158206166303332 0.06407661164746185 0.1726097788850825
 0.06270699933760213 0.2733495252815191 0.0622654007507176 0.1187900198719364 0.03532788695076176 0.2422168249061603 0.06469419297858246 0.1406491499227202
 0.06353843344896841 0.2777067737812671 0.06317327003834215 0.118678108453533 0.02848274602884791 0.2481285375205405 0.06919846631367536 0.1310936644148256
 0.09275952311718523 0.2340796743239314 0.0674614713579529 0.1189299214888049 0.05088688572259378 0.2154696132596685 0.08578075021808665 0.1346321605117767
 0.07336956521739131 0.2361413043478261 0.07228260869565217 0.127445652173913 0.04157608695652174 0.2252717391304348 0.08532608695652173 0.1385869565217391
 0.08907056798623064 0.2192340791738382 0.07314974182444062 0.1284423407917384 0.05378657487091222 0.2046041308089501 0.08691910499139414 0.1447934595524957
 0.07256923387911866 0.2316555488174651 0.07095209217707701 0.1317970487163938 0.04831210834849404 0.2152819890842935 0.08247422680412371 0.1469577521730342
 0.09138991389913899 0.2238622386223862 0.07761377613776138 0.1243542435424354 0.04932349323493235 0.2028290282902829 0.08683886838868389 0.1437884378843788
 0.07965489566613163 0.2479935794542536 0.06641252006420546 0.1195826645264847 0.04775280898876404 0.2285313001605137 0.07704654895666131 0.1330256821829855
 0.09823544903871477 0.1998946536739531 0.08585725572820647 0.1524888069528575 0.04661574927574401 0.1675006584145378 0.09138793784566764 0.1580194890703187
 0.09722511996661798 0.2236595034425203 0.07156269559774671 0.1224702691424995 0.05299394950970165 0.1994575422491133 0.08220321301898602 0.1504277070728145
 0.1006419548560779 0.2408366121350176 0.06875129426382273 0.1215572582315179 0.05570511493062746 0.203561814040174 0.07330710291985919 0.1356388486229033
 0.08827470686767169 0.2603015075376884 0.05996649916247906 0.1125628140703518 0.04891122278056952 0.2319932998324958 0.07336683417085427 0.1246231155778895
 0.07893139040680024 0.2495446265938069 0.06294272414490994 0.1246711192066383 0.04573972879983809 0.2210078931390407 0.06901436956081765 0.1481481481481481
 0.07822110077274878 0.2632076959470115 0.05724649108973348 0.1078694212269358 0.05172685696262419 0.2488566472165274 0.05976975240498344 0.1331020343794354
 0.06767091541135574 0.2512166859791425 0.07230590961761298 0.1367323290845887 0.03105446118192352 0.2164542294322132 0.08273464658169177 0.1418308227114716
 0.06334022750775595 0.2735263702171665 0.0594622543950362 0.1111685625646329 0.03929679420889348 0.2536194415718718 0.06773526370217166 0.1318510858324716
 0.09173553719008265 0.2082644628099174 0.09256198347107437 0.1537190082644628 0.03388429752066115 0.1694214876033058 0.09669421487603305 0.1537190082644628
 0.07258632840028188 0.2689687573408504 0.06530420483908855 0.125205543810195 0.03711533944092084 0.2252760159736904 0.0714117923420249 0.1341320178529481
 0.06623516720604099 0.2625674217907228 0.06084142394822006 0.1275080906148867 0.03624595469255663 0.2276159654800431 0.06580366774541532 0.1531823085221143
 0.08797127468581688 0.2569569120287253 0.05565529622980251 0.1299371633752244 0.04174147217235188 0.2248653500897666 0.06552962298025135 0.137342908438061
 0.08655059298511229 0.2583901085036588 0.0638405248549079 0.1183446883673984 0.03986878627302549 0.2318950290184204 0.07267221801665405 0.1284380519808226
 0.1126843657817109 0.2188790560471977 0.05899705014749262 0.1587020648967552 0.06194690265486726 0.1634218289085546 0.06843657817109144 0.1569321533923304
 0.05319148936170213 0.4361702127659575 0.1170212765957447 0.2446808510638298 0 0 0.148936170212766 0
 0.06689113355780023 0.2267115600448934 0.0850729517396184 0.1200897867564534 0.03613916947250281 0.2303030303030303 0.0962962962962963 0.1384960718294052
 0.06258373205741627 0.2932057416267942 0.05703349282296651 0.1029665071770335 0.03311004784688995 0.2696650717703349 0.07368421052631578 0.1077511961722488
 0.07116026711185308 0.2631469115191987 0.06218697829716194 0.1241652754590985 0.03839732888146911 0.2397746243739566 0.06698664440734557 0.1341819699499165
 0.08818770226537216 0.2421790722761596 0.07065803667745416 0.128101402373247 0.04692556634304207 0.2030744336569579 0.0749730312837109 0.1459007551240561
 0.07470210815765353 0.2266269477543538 0.07286892758936755 0.1397800183318057 0.03918423464711274 0.2048579285059578 0.08615948670944087 0.155820348304308
 0.08228485153497735 0.2380473074987418 0.07045797684952189 0.102918973326623 0.04353296426774031 0.229491696024157 0.08027176648213387 0.1529944640161047
 0.06841876629018245 0.2589052997393571 0.07471763683753258 0.1020851433536056 0.03735881841876629 0.2363162467419635 0.08340573414422242 0.1387923544743701
 0.0741370928536704 0.2447739426349052 0.07802625182304326 0.1195916383082158 0.04107924161400097 0.2165775401069519 0.0850753524550316 0.1407389402041808
 0.09724170172978028 0.2496493688639551 0.06685366993922394 0.1084618980832165 0.04862085086489014 0.2237026647966339 0.07971014492753623 0.1257597007947639
 0.07340720221606649 0.2661258409180847 0.0593589236248516 0.1125840918084685 0.04254056193114365 0.2467352592006332 0.07479224376731301 0.1244558765334389
 0.07443641003828158 0.2524457677584007 0.06210123351765207 0.1152700978307103 0.03572947681837516 0.2437260740110591 0.07890259464057847 0.1373883453849426
 0.07573632538569425 0.2429172510518934 0.06086956521739131 0.1194950911640954 0.03422159887798037 0.2384291725105189 0.08162692847124825 0.1467040673211781
 0.08206278026905829 0.2502242152466368 0.06524663677130045 0.1170403587443946 0.04170403587443946 0.2369955156950673 0.07802690582959641 0.1286995515695067
 0.07352941176470588 0.2403651115618661 0.06643002028397565 0.1310851926977688 0.03651115618661258 0.2223630831643002 0.07327586206896551 0.1564401622718053
 0.07214832728738411 0.2480854494155582 0.06831922611850061 0.1120515920999597 0.03970173317210802 0.2418379685610641 0.08141878274889158 0.1364369205965336
 0.07053140096618357 0.2606763285024155 0.06608695652173913 0.1194202898550725 0.04057971014492753 0.2380676328502415 0.08135265700483092 0.1232850241545894
 0.07525383237109297 0.2635874975114473 0.07525383237109297 0.1023292852876767 0.04300218992633884 0.2313358550666932 0.08381445351383636 0.1254230539518216
 0.0774025974025974 0.2402597402597403 0.07246753246753247 0.1163636363636364 0.04103896103896104 0.2111688311688312 0.08337662337662338 0.1579220779220779
 0.0950666186532229 0.2355059416636658 0.07346056895930861 0.1177529708318329 0.05005401512423478 0.1987756571840115 0.0875045012603529 0.1418797263233705
 0.06696807007629274 0.2064142413111048 0.06908731280022605 0.1695394179146651 0.04196100593387963 0.1910144108505228 0.07191296976547047 0.1831025713478384
 0.06745195288282703 0.2136391816491011 0.06769993800371978 0.1482951022938624 0.05517668939863608 0.2027278363298202 0.07947923124612523 0.1655300681959082
 0.06917755572636433 0.2036894696387394 0.07840122982321292 0.1693569049449142 0.04727132974634896 0.1849859082756854 0.08109146810146041 0.1660261337432744
 0.06464081034252965 0.2525656404105024 0.07157137145141944 0.1326136212181794 0.03785152605624417 0.2296414767426363 0.07477009196321471 0.1363454618152739
 0.06674300670701783 0.2048094225421233 0.07917552756420743 0.1694748895795845 0.03762473417307378 0.1917225584819238 0.08179290037624734 0.168656960575822
 0.06394079107012861 0.2245814122785732 0.0706139286580927 0.14644503761223 0.04222276146566367 0.2094151904877457 0.07765105556903665 0.1651298228585295
 0.0693655303030303 0.2479876893939394 0.07054924242424243 0.1325757575757576 0.04711174242424242 0.2250236742424243 0.07090435606060606 0.1364820075757576
 0.06175496688741722 0.248841059602649 0.06821192052980132 0.1251655629139073 0.03841059602649007 0.2496688741721854 0.0728476821192053 0.1350993377483444
 0.06896063438119512 0.2108467856131407 0.07193429623336166 0.1680826961200793 0.04219767771169641 0.1900311526479751 0.07193429623336166 0.17601246105919
 0.06001170960187353 0.226288056206089 0.07025761124121779 0.1576405152224824 0.03922716627634661 0.2072599531615925 0.07333138173302108 0.165983606557377
 0.07543576973780577 0.2535520726527025 0.05946975245349348 0.1230408671451589 0.04789805185293687 0.2371466237000147 0.06415702358283287 0.1392998388750549
 0.06431327711876518 0.2651136201229098 0.06131199085322281 0.1339145348006288 0.03144204659139632 0.2439616978705159 0.07003001286265542 0.1299128197799057
 0.07628275109170306 0.2243449781659389 0.07669213973799127 0.1450600436681223 0.0343886462882096 0.2091975982532751 0.07996724890829694 0.1540665938864629
 0.06411965052569228 0.2539612024285502 0.06945061454168518 0.1338664297349326 0.03331852509995557 0.2355989930401303 0.07344883755367984 0.1362357470753739
 0.07860520094562648 0.2044917257683215 0.06353427895981087 0.1697695035460993 0.045951536643026 0.1901595744680851 0.06885342789598109 0.1786347517730496
 0.0740142210730446 0.1968325791855204 0.07902391725921137 0.1827731092436975 0.03474466709760828 0.1782482223658694 0.07950872656755009 0.1748545572074984
 0.07653340635268346 0.1838718510405258 0.078039430449069 0.1809967141292443 0.04915115005476451 0.1730558598028478 0.072973713033954 0.1853778751369113
 0.06156284286236743 0.2221138607826405 0.0657076679263684 0.1716445202974521 0.03547482628306717 0.2050469340485188 0.06582957454589784 0.1726197732536877
 0.08292307692307692 0.1804615384615385 0.08046153846153846 0.1789230769230769 0.04061538461538462 0.1723076923076923 0.07753846153846154 0.1867692307692308
 0.0812527699807948 0.2043137834244349 0.07002511449253952 0.1625055399615896 0.04476288964396514 0.1942679864086276 0.07209336681932339 0.1707785492687251
 0.06497271487039563 0.1940654843110505 0.07776261937244201 0.2058321964529332 0.02557980900409277 0.1560368349249659 0.07588676671214188 0.1998635743519782
 0.06582278481012659 0.1689451476793249 0.08067510548523207 0.2162025316455696 0.03240506329113924 0.1424472573839662 0.07341772151898734 0.220084388185654
 0.06708129720124389 0.1895453872353028 0.08040870724122612 0.1938397749148527 0.02754331408262994 0.1580038501406782 0.07330075521990227 0.2102769139641641
 0.0637936360827927 0.1668211306765524 0.07862218103181959 0.2182576459684893 0.02780352177942539 0.1495211615693543 0.082483781278962 0.2126969416126043
 0.06555316091954023 0.1637931034482759 0.07758620689655173 0.2243175287356322 0.02873563218390805 0.1359554597701149 0.07543103448275862 0.2286278735632184
 0.07021588765457976 0.1729197233284427 0.07168308530706351 0.215258855585831 0.02871515405575351 0.1454621672605324 0.07147348564242297 0.2242716411653741
 0.07212734206599238 0.2041120875476704 0.06433427292322998 0.1886917592439065 0.03382523627922401 0.1762560106118388 0.06516332283203449 0.1954899684961035
 0.06735560066432922 0.1815833179553423 0.07990404133603986 0.2004059789629083 0.02546595312788337 0.1598080826720797 0.08470197453404688 0.2007750507473704
 0.06884391291015025 0.1884391291015026 0.07083716651333946 0.1927322907083717 0.02759889604415823 0.1731064090769703 0.07359705611775529 0.2048451395277522
 0.06281900274833137 0.2295511058761942 0.07302709069493522 0.1817824892029839 0.02578196571129433 0.1826985996597304 0.07564454914278236 0.1686951969637482
 0.07374020984187971 0.198167577951825 0.07196689818235555 0.1900398995123393 0.0373873208216344 0.1619624649032067 0.06546475543076696 0.2012708733559923
 0.07771777412538154 0.1777412538154496 0.08593566564921343 0.2014557407842217 0.03733270720826485 0.134538624090162 0.08006574313219066 0.2052124911951162
 0.08946439081812831 0.1827545615067687 0.08357857563272514 0.1854031783402001 0.04899941141848146 0.1411124190700412 0.08151854031783402 0.1871689228958211
 0.0685785536159601 0.1627874757550568 0.08132446661124966 0.2134940426711 0.02881684677195899 0.1460238293155999 0.07952341368800221 0.2194513715710723
 0.08824128795598125 0.1993071122885673 0.07886692480130426 0.1870796820868147 0.03423680456490728 0.1542694110454453 0.07438353372732831 0.1836152435296515
 0.07077486272117145 0.2005796217205613 0.07519829164124466 0.188529591214155 0.03813300793166565 0.173123856009762 0.06879194630872483 0.1848688224527151
 0.07354540511147363 0.1752311038607939 0.08238172920065252 0.1873300706905927 0.03072321914083741 0.16721044045677 0.07626427406199021 0.2073137574768896
 0.06703611011798355 0.219878441186986 0.08437611726850197 0.1748301751877011 0.02538434036467644 0.1798355380765105 0.08169467286378262 0.1669646049338577
 0.08955223880597014 0.1955500276395799 0.08043117744610281 0.1633499170812604 0.05016583747927032 0.1768933112216694 0.07490326147042566 0.1691542288557214
 0.07391749935946708 0.1993338457596721 0.07417371252882399 0.172431462977197 0.04778375608506277 0.1797335383038688 0.07084294132718422 0.1817832436587241
 0.07311685442898166 0.2069803401811354 0.07687210072895957 0.1570576540755467 0.05566600397614314 0.1926220455047493 0.08040645018776231 0.1572785509167219
 0.1135283820955239 0.1225306326581645 0.06201550387596899 0.2420605151287822 0.05801450362590647 0.1052763190797699 0.06501625406351588 0.2315578894723681
 0.08876200363353232 0.1271736309369323 0.07708279262912017 0.2135997923695822 0.05372437062029587 0.1227614845574877 0.0724111082273553 0.2444848170256943
 0.07313738892686261 0.1631351105035315 0.08179539758487127 0.1938938254727728 0.05126452494873548 0.1471861471861472 0.08430166324903167 0.2052859421280474
 0.09600614439324116 0.1615463389656938 0.07578084997439836 0.1820276497695852 0.06067588325652842 0.1495135688684076 0.07885304659498207 0.1955965181771633
 0.09285915890488287 0.1656788032740615 0.07987581145921535 0.1840248377081569 0.05644933672029354 0.1510019757267852 0.08044030482641829 0.1896697713801863
 0.1058502726822013 0.1715418939018344 0.06817055032226078 0.176251859196827 0.06445215666831929 0.161378284581061 0.06965790778383739 0.1826970748636589
 0.08890701468189233 0.1239804241435563 0.08890701468189233 0.2275693311582382 0.05301794453507341 0.1052202283849918 0.07884719956498097 0.2335508428493747
 0.1023716601621135 0.1729210447313119 0.07625337736415491 0.1744220954668268 0.05073551486040228 0.1564094866406485 0.07775442809966977 0.1891323926748724
 0.1091549295774648 0.1535752979414951 0.1053629469122427 0.1923076923076923 0.05037919826652221 0.1197183098591549 0.07394366197183098 0.195557963163597
 0.0720350588879759 0.2947137770473843 0.06847439057792386 0.09778142974527526 0.03396329772665023 0.2711585866885785 0.07230895645028759 0.08956450287592441
 0.07564422277639235 0.2734829592684954 0.07335827098919369 0.1016209476309227 0.03719866999168745 0.2402327514546966 0.08374896093100583 0.114713216957606
 0.07976474912699871 0.2736629296085278 0.0700238926667892 0.1053115236169822 0.04245543098695093 0.2354346627458188 0.08160264657232126 0.1117441646756111
 0.07414412710421789 0.276149044826934 0.05787781350482315 0.1089464724796671 0.03347834310573104 0.2534518630603367 0.07490069982977114 0.121051636088519
 0.07609185051778478 0.2483115713642503 0.07361548851868528 0.1357496623142729 0.03714542998649257 0.2041873030166592 0.07834308869878433 0.1465556055830707
 0.08285019637179727 0.2210585374976622 0.07742659435197306 0.1565363755376847 0.03852627641668225 0.1883299046194128 0.0738731999251917 0.161398915279596
 0.07835091832747167 0.2280187573270809 0.07952325127002735 0.1434153966393122 0.04064087534193044 0.198905822586948 0.08225869480265728 0.1488862837045721
 0.08665775911433479 0.181714067570147 0.07673220080167971 0.1782782973849971 0.04218362282878412 0.1645352166443978 0.08054972322962398 0.1893491124260355
 0.08560242035949457 0.205374621818829 0.07688200747463962 0.1834846058017441 0.03683929524826481 0.1560775938779142 0.07456842854600462 0.1811710268731091
 0.0899982422218316 0.2223589383019863 0.07242046053788012 0.1564422569871682 0.03867111970469327 0.1736684830374407 0.07540868342415187 0.1710318157848479
 0.102529661965525 0.1155137676292814 0.07969554510857399 0.2269979852249832 0.04902619207521827 0.1000671591672263 0.0776807700917842 0.2484889187374077
 0.09355908535521033 0.1483679525222552 0.08326060394484203 0.1993367079769593 0.04800139640425903 0.1167743061616338 0.08221330075056729 0.228486646884273
 0.09735940334609958 0.1344486998588994 0.07478330981656924 0.2158838943761338 0.05079621044144326 0.1034065712557952 0.0743801652892562 0.2489417456158033
 0.08882854926299456 0.1598138091543832 0.08979829325058185 0.1949185415050427 0.04053529868114818 0.1295577967416602 0.08494957331264547 0.2115981380915438
 0.08100147275405008 0.1288659793814433 0.1043200785468827 0.227540500736377 0.02847324496809033 0.1072655866470299 0.08738340697103583 0.2351497299950908
 0.08972738761509298 0.1449720166094963 0.08990792561834265 0.2204369019678642 0.03303845459469218 0.106878497923813 0.07907564542336162 0.2359631702473371
 0.1060379241516966 0.1449600798403194 0.08607784431137724 0.2140718562874251 0.0439121756487026 0.1000499001996008 0.07285429141716566 0.2320359281437126
 0.09641472868217055 0.1337209302325581 0.09714147286821706 0.2063953488372093 0.03657945736434109 0.1061046511627907 0.08454457364341085 0.2390988372093023
 0.09268292682926829 0.1290243902439024 0.09878048780487805 0.2053658536585366 0.04097560975609756 0.1024390243902439 0.08609756097560975 0.2446341463414634
 0.1042093287827076 0.1265073947667804 0.1021615472127417 0.2222980659840728 0.04414106939704209 0.08077360637087599 0.07895335608646188 0.2409556313993174
 0.06938073394495413 0.2620412844036697 0.07568807339449542 0.1200305810397553 0.02981651376146789 0.2377675840978593 0.07912844036697247 0.1261467889908257
 0.06525339516396157 0.3017555481947665 0.07071878105332892 0.08545876117919841 0.03130175554819477 0.2861874792977807 0.07485922490891024 0.0844650546538589
 0.07572423909057573 0.2755775577557756 0.06912357902456913 0.1045104510451045 0.03722038870553722 0.2335900256692336 0.07664099743307665 0.1276127612761276
 0.0793735540131696 0.2628581598149137 0.07243281722726463 0.1053568250578395 0.04128848549563979 0.2302900872041289 0.0820430681615946 0.1263570030254494
 0.08008120911346718 0.2609970674486803 0.07128355515452289 0.09587187006541845 0.0457929167606587 0.2289645838032935 0.0857207308820212 0.1312880667719377
 0.08331451794987582 0.2668773989613908 0.07179950327387673 0.1074734703093249 0.03928652065929104 0.212689094603748 0.08602393316775796 0.1325355610747347
 0.07258536585365853 0.2359024390243902 0.0768780487804878 0.1244878048780488 0.03707317073170732 0.207609756097561 0.08760975609756097 0.1578536585365854
 0.07551981169085915 0.2710867006669282 0.08120831698705375 0.0931737936445665 0.03746567281286779 0.2404864652805022 0.08885837583366026 0.1122008630835622
 0.08107328332371611 0.2463935372186959 0.09376803231390653 0.1154068090017311 0.04183496826312753 0.2111944604731679 0.09723023658395845 0.1130986728216965
 0.07741477272727272 0.2253196022727273 0.09286221590909091 0.1399147727272727 0.03373579545454546 0.2015269886363636 0.09037642045454546 0.1388494318181818
 0.06713645099295323 0.1742472773862908 0.06918641896220372 0.2129404228058936 0.03267136450992953 0.1618193465727098 0.06662395900064061 0.2153747597693786
 0.07253886010362694 0.1747085492227979 0.05909974093264249 0.2140544041450777 0.03643134715025906 0.1575453367875648 0.06120466321243524 0.2244170984455958
 0.07249039585769167 0.2019375313178554 0.04843828294638383 0.2027726741272758 0.03591114080507767 0.1743778186069818 0.05645565391681977 0.2076165024219142
 0.08052460865886335 0.1829079114370329 0.06783246368636299 0.2097024397123114 0.03765336341841771 0.1599210266535044 0.05753772387533493 0.2039204625581723
 0.07225303552690751 0.1924748913206416 0.06400839454354669 0.1993704092339979 0.03252885624344176 0.171488532453905 0.06490780992354969 0.2029680707540099
 0.08043441371118276 0.1793653487188189 0.06685898523672154 0.1961649414559647 0.0371627354488376 0.1635839131172578 0.06380451382996775 0.2126251484812489
 0.07706766917293233 0.1973684210526316 0.06328320802005012 0.1989348370927318 0.03289473684210526 0.1599310776942356 0.06203007518796992 0.2084899749373434
 0.07070859034150745 0.1868512110726644 0.05837219798405296 0.2027982548518129 0.03685873326312622 0.1690988415826689 0.0636377313073567 0.2116744395968106
 0.07693336901257693 0.1588172330746588 0.06636339309606637 0.2274551779502275 0.04040674337704041 0.1382124698956382 0.06127910088306128 0.2305325127107305
 0.07238366910322695 0.1756106257799964 0.06293456944196826 0.2192904261009093 0.03583526475307541 0.1353182385451952 0.06061686575147085 0.2380103405241576
 0.07460908413998511 0.1755770662695458 0.06135517498138496 0.2099776619508563 0.04095309009679821 0.1621742367833209 0.06269545793000744 0.2126582278481013
 0.0720045268071863 0.204838025180365 0.06224359881171311 0.1940868581128873 0.03876078653274862 0.1660772386476164 0.05743386617626255 0.2045550997312208
 0.0839816933638444 0.1844393592677346 0.06842105263157895 0.1997711670480549 0.03935926773455378 0.1551487414187643 0.06315789473684211 0.205720823798627
 0.07258923814597762 0.1746137453383058 0.06459776238678742 0.2033830580713905 0.03449653702717102 0.1664890783164625 0.06686201385189132 0.2169685668620139
 0.08677098150782361 0.1968705547652916 0.07681365576102418 0.1937411095305832 0.0406827880512091 0.1465149359886202 0.07112375533428165 0.1874822190611664
 0.06902490726020138 0.2219130895601484 0.05816110227874934 0.1730259671436142 0.03948065712771595 0.1975357710651828 0.06266560678325384 0.1781928987811341
 0.07263643351268255 0.1826799897514732 0.06392518575454778 0.2099666922879836 0.04330002562131693 0.1546246477068921 0.06097873430694338 0.2118882910581604
 0.07324704878395677 0.1932868724221306 0.05930877542312615 0.2062295548286161 0.03598350163561371 0.1617124164414735 0.06115773005262409 0.2090741004124591
 0.06681671121114081 0.1834294556196371 0.06611337740891828 0.2074834716556478 0.03544802363201575 0.1543114362076241 0.06977071318047545 0.2166268110845407
 0.06947666924465068 0.1892240268110338 0.06470739881412735 0.1977313740654808 0.04563031709203403 0.1617684970353184 0.0648362980149523 0.2066254189224027
 0.06873653984206748 0.1582914572864322 0.05922469490308686 0.2394113424264178 0.0366116295764537 0.1367552045944006 0.05671213208901651 0.2442569992821249
 0.06520010601643254 0.1508083752981712 0.07447654386429897 0.2475483699973496 0.03180492976411343 0.1296050887887623 0.06254969520275643 0.2380068910681156
 0.06561436087898484 0.1462395543175488 0.0642216032188177 0.2406375735066543 0.03497369235530796 0.1290622098421541 0.06298359640978025 0.2562674094707521
 0.07338625131046878 0.1618990564624831 0.05631271529129848 0.2375318256702112 0.03205032200089861 0.1431780739853228 0.05870900104837502 0.236932754230942
 0.07749140893470791 0.2070446735395189 0.05429553264604811 0.1745704467353952 0.03917525773195876 0.2005154639175258 0.06048109965635739 0.186426116838488
 0.07397793640493186 0.1743997404282933 0.05548345230369889 0.2235561323815704 0.03698896820246593 0.1473069435431538 0.05597014925373135 0.2323166774821545
 0.06557377049180328 0.1698233328028012 0.05459175553079739 0.2379436574884609 0.02466974375298424 0.1371956071940156 0.06175393920101862 0.2484481935381187
 0.06372756817860675 0.2038999576091564 0.05482549102727145 0.205454288540342 0.03052140737600678 0.1600960859121097 0.06429277942631058 0.2171824219301964
 0.07517150780907897 0.1948620639322726 0.05867756531893154 0.1885856079404467 0.03941030506495402 0.1904831411472778 0.05634213983360093 0.1964676689534375
 0.06817442238854539 0.1954116498535633 0.06052717214448422 0.2113569801496908 0.03368044256426944 0.1675886755613407 0.05776114546046209 0.205499511877644
 0.0760567296996663 0.21440489432703 0.06131813125695217 0.182007786429366 0.04129588431590656 0.1831201334816463 0.06159621802002225 0.1802002224694104
 0.0826294528094014 0.218692618435549 0.07381564450973191 0.1808666911494675 0.03323540213000367 0.1670951156812339 0.072346676459787 0.1713183988248256
 0.07197794224350602 0.1938760702365404 0.0745900449862139 0.1930053693223044 0.03729502249310695 0.1690610941808156 0.06486721811057902 0.1953272384269337
 0.08282164786520063 0.2010566899900043 0.06825646151649294 0.1849207482507497 0.04440953876909896 0.1560759674425246 0.06283021562187634 0.1996287305440526
 0.07840842598010532 0.2043592744294909 0.06363370392042129 0.1794909303686366 0.04388531304856641 0.1742246928028087 0.0604154476301931 0.1955822118197776
 0.06411042944785277 0.2217791411042945 0.06487730061349693 0.1783742331288344 0.03220858895705522 0.1955521472392638 0.06150306748466258 0.1815950920245399
 0.08110313315926893 0.1997389033942559 0.05515665796344647 0.1919060052219321 0.04422323759791123 0.1680809399477807 0.06184725848563968 0.197943864229765
 0.08276497695852535 0.2357603686635945 0.06414746543778801 0.1463594470046083 0.04682027649769585 0.2055299539170507 0.0696774193548387 0.1489400921658986
 0.08093635250917992 0.2062423500611995 0.06578947368421052 0.1731946144430845 0.0549265605875153 0.1802325581395349 0.06609547123623011 0.1725826193390453
 0.07257968246388923 0.1976841351319088 0.06219410290079981 0.1887310493016593 0.04786916557240062 0.1826429509370897 0.06076160916795989 0.1875373045242927
 0.06996559069310175 0.2007209569064395 0.06963788300835655 0.1807307881369818 0.03473701458299197 0.1849909880386695 0.0676716368998853 0.1915451417335736
 0.06552658313579411 0.1659329495428378 0.06230951574669828 0.2136810023704707 0.036911615306468 0.1523874026413816 0.06366407043684388 0.2395868608195056
 0.06967509025270759 0.1862815884476534 0.0684115523465704 0.1953068592057762 0.03664259927797834 0.167870036101083 0.06678700361010831 0.2090252707581227
 0.06293018682399214 0.205178629957391 0.0621107833497214 0.188298918387414 0.0319567354965585 0.1823992133726647 0.06555227794165848 0.2015732546705998
 0.06337522441651705 0.2251346499102334 0.06373429084380611 0.1775583482944345 0.03159784560143627 0.1859964093357271 0.05780969479353681 0.1947935368043088
 0.07096124811273276 0.1986243918805569 0.0572051669183023 0.2029860761617178 0.04311357154839792 0.1690991444388525 0.05703740983056534 0.2009729911088743
 0.06545153272576636 0.1990057995028998 0.06545153272576636 0.1923777961888981 0.03396851698425849 0.1743164871582436 0.05998342999171499 0.2094449047224524
 0.06903726120673349 0.2074900699829771 0.06487611121619066 0.1883866086627577 0.0363154908265557 0.174579156421411 0.06166067713258937 0.1976546245507849
 0.07284891284147928 0.1616799851328749 0.0622560862293254 0.2391748745586322 0.03196431889983274 0.1252555287121353 0.0613268909124698 0.2454934027132503
 0.06618819776714513 0.1618819776714513 0.06240031897926634 0.2404306220095694 0.03309409888357256 0.1421451355661882 0.04764752791068581 0.2462121212121212
 0.06278592837987064 0.1951411894620603 0.05489824893516328 0.2052374191512857 0.0296576747120997 0.1768417731503392 0.06325918914655308 0.2121785770626282
 0.05559798380937834 0.2214754849549412 0.05651443409195051 0.1761111959676188 0.0290209256147854 0.2080342141438827 0.06201313578738354 0.1912326256300596
 0.06594169366034243 0.2038408144377603 0.06478482184173993 0.1876446089773253 0.03146691346598797 0.1811661267931513 0.06848681166126794 0.1966682091624248
 0.06659308314937454 0.2185430463576159 0.05849889624724062 0.1745768947755703 0.03440029433406917 0.1885577630610743 0.06880058866813833 0.1900294334069169
 0.073621901590825 0.2066222715501295 0.06270810210876804 0.1725860155382908 0.03551609322974473 0.1951535331113577 0.06899741028486867 0.1847946725860155
 0.0714423262083574 0.2210668207202003 0.06412478336221837 0.1725399576352783 0.02984787213556711 0.1887155786635856 0.06528018486424032 0.1869824764105527
 0.06871095968199886 0.1747113382547795 0.06776452773045619 0.215786484951732 0.02801438576566345 0.1446148021957221 0.06908953246261594 0.231307968957032
 0.06441281138790035 0.2131672597864769 0.0599644128113879 0.1797153024911032 0.0295373665480427 0.1994661921708185 0.06441281138790035 0.1893238434163701
 0.07141588203943862 0.2005684846331498 0.05986853792858412 0.1947059868537929 0.03304316930182981 0.1698347841534908 0.06857345887368982 0.2019896962160242
 0.0746184284906727 0.2219709817222536 0.06142830224232147 0.166384021104202 0.03561334087054834 0.199736197475033 0.06821179574147353 0.1720369323534954
 0.06103067102600031 0.199750895220302 0.06912657636618402 0.1995952047329908 0.02786859722870932 0.1795111318698427 0.06274326638642379 0.2003736571695469
 0.06516422082459818 0.2250174703004892 0.06708595387840671 0.1668413696715584 0.03336827393431167 0.2010831586303284 0.06411600279524808 0.1773235499650594
 0.0748775367389783 0.2029391182645207 0.07627711686494051 0.1840447865640308 0.02939118264520644 0.1843946815955213 0.06857942617214835 0.1794961511546536
 0.06367583212735166 0.1982633863965268 0.06721337835664898 0.193117864608458 0.02958675028139572 0.1768773114648657 0.06512301013024602 0.2061424666345072
 0.06826600811430587 0.1977421061915682 0.06491444699241489 0.1899805962250838 0.03104603986593756 0.1783383312753572 0.06297406950079379 0.2067384018345387
 0.06837606837606838 0.2014652014652015 0.0583028083028083 0.1950549450549451 0.0351037851037851 0.1807081807081807 0.05921855921855922 0.2017704517704518
 0.06725452099835601 0.2020624719772829 0.06306979524734718 0.1941413839485877 0.03258107906142579 0.1830817516066358 0.05903452398744582 0.1987744731729189
 0.0689372178908494 0.16741895773492 0.08658186294624538 0.2129667624128026 0.02215839146491588 0.1407468198604842 0.07632334837915469 0.2248666393106278
 0.0679891488640217 0.2224482875551034 0.05815530688368939 0.1719226856561546 0.03187521193624958 0.193794506612411 0.06086809087826382 0.1929467616141065
 0.0693609022556391 0.2013157894736842 0.06240601503759399 0.1941729323308271 0.03590225563909774 0.1731203007518797 0.06033834586466166 0.2033834586466166
 0.07626666666666666 0.2328 0.05013333333333334 0.1706666666666667 0.0416 0.1874666666666667 0.06693333333333333 0.1741333333333333
 0.0703232125367287 0.2233104799216454 0.05171400587659158 0.1898139079333986 0.03702252693437806 0.1825661116552399 0.06366307541625857 0.1815866797257591
 0.07061738591781953 0.1887259962832955 0.05637001858352261 0.2124716085071237 0.02973363617592402 0.1563080735081561 0.06111914102828825 0.2246541399958703
 0.06476014760147601 0.1809963099630996 0.06494464944649446 0.2273062730627306 0.03081180811808118 0.1507380073800738 0.05848708487084871 0.2219557195571956
 0.06884712685218648 0.2032887603903144 0.06758221900975786 0.1967835200578243 0.03071919045898085 0.1673292374412721 0.06920852909288037 0.1962414166967835
 0.07319871500688389 0.2053694355208811 0.06356126663607159 0.2065167508031207 0.03694355208811381 0.1548875631023405 0.0578246902248738 0.2016980266177145
 0.07745098039215687 0.225 0.05588235294117647 0.1769607843137255 0.04019607843137255 0.1916666666666667 0.05686274509803921 0.1759803921568628
 0.07088703563305535 0.1880212282031842 0.06141015921152388 0.2173995451099318 0.04056103108415466 0.1582638362395754 0.06103108415466262 0.202426080363912
 0.06724320508295094 0.2119661136604306 0.05030003529827039 0.1969643487469114 0.03123896929050476 0.1823155665372397 0.04994705259442287 0.2100247087892693
 0.06982343499197431 0.2172953451043339 0.06460674157303371 0.1789727126805779 0.03711878009630819 0.1785714285714286 0.06581059390048154 0.1878009630818619
