# Created by Octave 3.2.4, Mon Nov 19 00:02:20 2012 CST <zac1164@zac1164-VirtualBox>
# name: data_slant
# type: matrix
# rows: 640
# columns: 4
 0.01848011214774463 0.3960174423298775 -0.3775373301821329 0.588251687003603
 0.005974626797883198 0.4050702385161844 -0.3990956117183012 0.573304303392504
 -0.001331288479572456 0.4490340204927625 -0.450365308972335 0.553312225009252
 0.02684549388128054 0.4774845621452555 -0.4506390682639749 0.5804808816162965
 0.004804357894701666 0.4677866559725531 -0.4629822980778515 0.5627092967628767
 0.04957510781329622 0.4624803834485494 -0.4129052756352532 0.6186985110724813
 -0.04430320561043147 0.4260632850483356 -0.4703664906587671 0.5209291886432499
 0.003454880838119218 0.4435971935754336 -0.4401423127373144 0.568486221826569
 -0.03341551914273004 0.4405613448325679 -0.473976863975298 0.5377050501793559
 0.01039902951402119 0.4544184818677493 -0.4440194523537281 0.5695032126625921
 0.000987669003804735 0.55482005284279 -0.5538323838389853 0.5268402217388254
 -0.01078634889105058 0.4716200601009601 -0.4824064089920107 0.5329661428802851
 0.005155444523137343 0.4435972182767308 -0.4384417737535935 0.5672141732919004
 -0.01291431040875144 0.4515126600115479 -0.4644269704202994 0.5442064377187248
 0.02578490326589043 0.5116039508558633 -0.4858190475899729 0.553268977621764
 0.02369686900606412 0.5267908164129347 -0.5030939474068704 0.5558320571720266
 0.03755726472371306 0.4490687261509992 -0.4115114614272862 0.5924430227908837
 0.0574585356294785 0.4976438148328163 -0.4401852792033377 0.6007802892158941
 0.01700688475688086 0.4446900823019705 -0.4276831975450897 0.5760210693532879
 0.04374797851969598 0.4649206365205273 -0.4211726580008314 0.6034312609124725
 0.003720844386112033 0.3654308535720545 -0.3617100091859425 0.5327741010833369
 -0.02242430242212076 0.3519506311678423 -0.3743749335899632 0.5232970576380491
 -0.02401422294568219 0.3581124996761134 -0.3821267226217956 0.5200676982591876
 0.02274494371445451 0.4063301729054965 -0.383585229191042 0.5413665743305632
 -0.02359650367288803 0.3487813907366091 -0.3723778944094972 0.5227960778997786
 -0.02391781076519918 0.3487335177206063 -0.3726513284858055 0.5188687354938537
 -0.01800405906245834 0.374262406390396 -0.3922664654528543 0.5287570395991309
 -0.0126330778912061 0.3576153318025169 -0.370248409693723 0.5245023696682465
 -0.008223869793320132 0.3536356099046707 -0.3618594796979909 0.528317086924998
 0.005612502066057504 0.3903710748461673 -0.3847585727801098 0.5479568544958152
 -0.004454137988136258 0.4873000333491557 -0.4917541713372919 0.5493746794492445
 -0.002002123042036921 0.4654360515187873 -0.4674381745608242 0.5504869075957585
 -0.08156265099317903 0.4117977738668663 -0.4933604248600454 0.4933835810029549
 -0.06332386040189994 0.4013695915707287 -0.4646934519726287 0.515362132877103
 -0.04028768093848633 0.4025226040259079 -0.4428102849643942 0.5383629229633659
 -0.05225228908630971 0.3988235376790244 -0.4510758267653341 0.5401261230131306
 -0.03382732628551552 0.4058479712567437 -0.4396752975422591 0.5580196177257395
 -0.0579245945858308 0.3822998701097396 -0.4402244646955704 0.5334096586178185
 -0.04574957161790352 0.4210671394022784 -0.4668167110201818 0.5331171838814266
 -0.008945144092935477 0.4026728120842184 -0.4116179561771539 0.5702458423716559
 0.003438731746893093 0.4212970822624488 -0.4178583505155557 0.5922873703718308
 0.01264934456407279 0.4479633981883311 -0.4353140536242583 0.5829782101793037
 0.04580571316936218 0.4511012999081833 -0.405295586738821 0.6083528037383178
 0.02946999640031255 0.436378402670599 -0.4069084062702864 0.6063213218618381
 0.03698030360863468 0.4439006195681017 -0.406920315959467 0.6108379806281186
 0.03011180724659561 0.4292436081155552 -0.3991318008689596 0.6065348237317283
 0.03623773927714177 0.4416701431050254 -0.4054324038278836 0.6128285786600137
 -0.00020312943928011 0.4255094755404222 -0.4257126049797023 0.582389449185415
 0.01292832361287366 0.4368585501977557 -0.4239302265848819 0.5952065054568799
 0.001631958199999056 0.5284557552940301 -0.526823797094031 0.546833855799373
 0.00651840501084185 0.4809767774379844 -0.4744583724271426 0.5684155481959212
 0.01141587299800598 0.4287519997495818 -0.4173361267515758 0.5922167353780637
 0.0264490754997491 0.4425660491113797 -0.4161169736116306 0.6014505417686123
 0.04143934793555436 0.4676308443632394 -0.4261914964276851 0.5890632308542756
 0.04849371725294555 0.4392965726929945 -0.390802855440049 0.6258484276476967
 0.0176342212927238 0.4433648263182819 -0.4257306050255582 0.5962162431987221
 0.03767711285279186 0.4704634985249772 -0.4327863856721853 0.6076298030574301
 0.04226434250582239 0.4941304418652886 -0.4518660993594663 0.594181958291191
 0.04180024635768054 0.4608114706476756 -0.4190112242899952 0.6098782448885826
 0.07453785767047749 0.4992348406626887 -0.4246969829922111 0.6248481166464156
 -0.009671350681390772 0.4284436471799278 -0.4381149978613185 0.5632175311319696
 0.01834480127083398 0.4607330423803422 -0.4423882411095083 0.5721477809619704
 -0.00380724770548783 0.447856542617064 -0.4516637903225518 0.5507648983940939
 -0.02758590813327386 0.4114532371786331 -0.439039145311907 0.5418692402583267
 -0.005629490312667165 0.4435787419253606 -0.4492082322380277 0.561734068627451
 0.02799493984529686 0.484670464062734 -0.4566755242174371 0.5774499044831931
 -0.02396177439894808 0.4178151305505973 -0.4417769049495454 0.5613364361702128
 -0.02440769774992459 0.4242757220170106 -0.4486834197669352 0.5509473370132776
 -0.01553100177991048 0.4617216980125708 -0.4772526997924812 0.5410042691603985
 0.04524884512537886 0.5110682825436108 -0.465819437418232 0.5830980314177769
 -0.0544124746275701 0.3689314889404268 -0.4233439635679968 0.5032158710028082
 -0.09091675195532799 0.3462108932206437 -0.4371276451759717 0.4881765869447941
 -0.07736894058083299 0.3649300967150605 -0.4422990372958935 0.4967218924426331
 -0.02761167562998038 0.3781658586851875 -0.4057775343151679 0.5188301777832777
 -0.01851695137208998 0.3809360574211162 -0.3994530087932062 0.5234307531475842
 -0.05767853812528509 0.3416473256359285 -0.3993258637612136 0.4938574938574938
 -0.04710583801202261 0.3516057774281849 -0.3987116154402075 0.5029674904774559
 -0.01512231039260172 0.3607233395441574 -0.3758456499367592 0.5224928366762178
 -0.0552920967740245 0.3858699737347179 -0.4411620705087425 0.514755959137344
 0.004612371414467839 0.3759554055929842 -0.3713430341785164 0.5426262232825356
 -0.01909677535267814 0.4561318192648942 -0.4752285946175722 0.5318955544538093
 -0.02521820649504342 0.4486371528900926 -0.473855359385136 0.5248944845840189
 -0.02135390607554645 0.4659755430111412 -0.4873294490866876 0.5386184337117568
 -0.04960354412150832 0.4038027728147437 -0.4534063169362521 0.513223356899712
 -0.0290403285912259 0.4322625022229119 -0.4613028308141378 0.5292929292929293
 -0.05331917528526318 0.4130393329383402 -0.4663585082236033 0.5157103825136612
 -0.03220937475095263 0.4268054275795476 -0.4590148023305001 0.5344453217528622
 -0.05487545475315338 0.4081938667626158 -0.4630693215157691 0.5155685766846085
 -0.02637297785745604 0.4442023402778653 -0.4705753181353213 0.5306634990666893
 -0.03514717503115244 0.4215728840321674 -0.4567200590633198 0.5319311177479824
 -0.02173997443330761 0.435319945035872 -0.4570599194691796 0.5490596058912325
 -0.02913468888762002 0.4315093868759873 -0.4606440757636072 0.5437013181545836
 -0.04984348573103498 0.4425940280836369 -0.4924375138146718 0.5152281159538468
 -0.03921695640929317 0.4645518973879114 -0.5037688537972046 0.5164129688698672
 -0.03636152321975385 0.4260408248981383 -0.4624023481178922 0.532819710896678
 -0.05817188286523703 0.40297173721594 -0.4611436200811771 0.5185068390555402
 -0.03774125696310453 0.4160961455782606 -0.4538374025413651 0.537442085982114
 -0.03798430189913259 0.4045329281365373 -0.4425172300356699 0.540708061399351
 -0.03010184389948608 0.443828815671281 -0.4739306595707671 0.5354595048258498
 -0.04311274874819297 0.4303921398517737 -0.4735048885999666 0.5280951820002356
 -0.1094475564284877 0.3845501766039622 -0.49399773303245 0.477070252145041
 -0.07913657025976975 0.4216657027904006 -0.5008022730501703 0.4875271555921792
 -0.08394861458901831 0.4010053808802038 -0.4849539954692222 0.4961606402537943
 -0.07930024071368635 0.3816503946303043 -0.4609506353439907 0.5089998210771157
 -0.09620535789875026 0.4079201278867673 -0.5041254857855176 0.4793863099921322
 -0.08332368848222463 0.3997453174083506 -0.4830690058905752 0.4908374721698921
 -0.04720139166513847 0.4476611163530604 -0.4948625080181989 0.5112467372946415
 -0.05640826406956406 0.4425547223838545 -0.4989629864534185 0.4994018184718456
 -0.07400468491496479 0.4330085656619294 -0.5070132505768942 0.4913560237709346
 -0.07497339343213008 0.4307027315072466 -0.5056761249393766 0.4991534707698436
 -0.07508611059570706 0.4797504860556241 -0.5548365966513312 0.4849539406345957
 -0.1046978730957345 0.4203992272301684 -0.5250971003259028 0.4782714673723797
 -0.06323647072107201 0.4269149885624566 -0.4901514592835286 0.504296528677624
 -0.05248991913200182 0.4545521942062471 -0.5070421133382489 0.5058485213539036
 -0.08181844729780988 0.4672266122266477 -0.5490450595244576 0.4771108426708877
 -0.1009111927746911 0.4205753413069301 -0.5214865340816213 0.4692133518369732
 -0.05758324390584498 0.4231001961994373 -0.4806834401052824 0.5178477690288714
 -0.06213568178759405 0.4387331240166472 -0.5008688058042412 0.5024075857470923
 -0.08523726437260865 0.4145946853097906 -0.4998319496823992 0.4886163995554121
 -0.07462583444633433 0.4242806579375035 -0.4989064923838378 0.4966578020556314
 -0.06593831776376852 0.4388989743677957 -0.5048372921315641 0.5007028582903809
 -0.08017872947508724 0.425585655783619 -0.5057643852587062 0.4889181190397895
 -0.07596108691677136 0.4605793394833168 -0.5365404264000881 0.4865997206889672
 -0.08331646905694244 0.446693980870677 -0.5300104499276194 0.479914660164584
 -0.1155754413066761 0.4325556846131636 -0.5481311259198396 0.4581402936378466
 -0.09250818246041972 0.4582577539221681 -0.5507659363825878 0.4833632472732293
 -0.07508631968338614 0.4222979464346493 -0.4973842661180354 0.5013725490196078
 -0.07624394865798888 0.4245566531697562 -0.5008006018277451 0.501279091533038
 -0.03126028742723871 0.4613068515431858 -0.4925671389704245 0.5197812215132178
 -0.01809979747131134 0.4346082418892104 -0.4527080393605218 0.5451270504985526
 0.002742941071350832 0.475362385317997 -0.4726194442466461 0.5443675267463813
 -0.02699698074851455 0.4433276686221822 -0.4703246493706968 0.5306109725685786
 -0.03424123655101449 0.4505230570329176 -0.484764293583932 0.5242980206483856
 0.01255753112924553 0.482570574928906 -0.4700130437996605 0.5514165792235047
 0.004653141400669242 0.4927650407598236 -0.4881118993591543 0.550054704595186
 -0.004858887767880343 0.453855097079137 -0.4587139848470174 0.5526068024008474
 -0.04343982414675765 0.446381790189329 -0.4898216143360866 0.5129547412364985
 -0.004100193490552301 0.4689262806847894 -0.4730264741753416 0.5451505016722408
 0.01111300637843931 0.4837337761956613 -0.472620769817222 0.5490826302397215
 -0.0007933044976441158 0.4540053411546491 -0.4547986456522932 0.5483931474302863
 0.001453386586115105 0.481460371349511 -0.4800069847633959 0.5487889273356401
 0.03232334564263049 0.4787912459271075 -0.4464679002844771 0.5934281510544385
 -0.02421578935417739 0.4426198902840643 -0.4668356796382417 0.5405043674274443
 0.03430272084399658 0.4943553520924319 -0.4600526312484353 0.5682849936948298
 -0.004106408148846681 0.4576894542944508 -0.4617958624432975 0.5545206159960259
 -0.008249229062366333 0.4664021887342935 -0.4746514177966598 0.5517717107173976
 0.04369379079643726 0.4834851556197336 -0.4397913648232963 0.5836651053864169
 -0.0006695853956803789 0.4585983963557512 -0.4592679817514316 0.5475735575085976
 0.02747158263881819 0.462746089782884 -0.4352745071440658 0.5744145654908067
 0.0348764633345365 0.4747876620571356 -0.4399111987225991 0.5780998389694042
 -0.01716294186135616 0.425603891405989 -0.4427668332673451 0.5602412233469739
 -0.05843057360102852 0.3627761475732396 -0.4212067211742682 0.5356728378004973
 -0.02882536685583041 0.4068062533456766 -0.435631620201507 0.5434195846978803
 -0.008580948720001319 0.465075994522079 -0.4736569432420804 0.5466918468351133
 -0.07336720315336917 0.4566719481677908 -0.53003915132116 0.49539460605659
 -0.03216796135216109 0.4531272090700039 -0.485295170422165 0.5263611727026362
 -0.02524647487127216 0.4653607285522104 -0.4906072034234827 0.5278170008472183
 -0.01035806429813929 0.4828810129516506 -0.4932390772497899 0.5371957490572506
 -0.03685326500373931 0.443176635421545 -0.4800299004252844 0.5260684296277729
 -0.02233898370839069 0.4370815457236252 -0.4594205294320159 0.5545930701047542
 -0.02174223069357218 0.5257426514219614 -0.5474848821155336 0.5410125094450507
 -0.01187038580190004 0.4781358951446435 -0.4900062809465435 0.5591129936464433
 -0.006627024308148344 0.4938210464841176 -0.5004480707922661 0.5646331631281913
 0.04335254462934918 0.41023994734098 -0.3668874027116308 0.6649351802521755
 -0.0007073562489067215 0.4941581942331646 -0.4948655504820714 0.5774112585155969
 -0.03230453692758949 0.506492234657852 -0.5387967715854414 0.5430534487373962
 -0.00680490425232551 0.3766085226237765 -0.3834134268761021 0.6361237200464478
 -0.0312450676489995 0.4677598268003337 -0.4990048944493332 0.5448767833981841
 -0.04954438147366419 0.4505487177427395 -0.5000930992164038 0.5367177137344749
 -0.02591720375419253 0.3946386181336006 -0.4205558218877931 0.6102949178365437
 -0.03647892727663063 0.3509624696416494 -0.38744139691828 0.507482993197279
 -0.02845014334674264 0.3469311281185052 -0.3753812714652479 0.5311196105702365
 -0.006825284358824167 0.3521729797378796 -0.3589982640967037 0.5298655667583257
 0.003080968244346475 0.3525056366515175 -0.349424668407171 0.5535281088492775
 -0.02724926183179307 0.3649581761199305 -0.3922074379517236 0.5275930380642423
 -0.02849226449785308 0.3429522914626908 -0.3714445559605439 0.5200139713587146
 -0.04386083384956507 0.328301448243623 -0.372162282093188 0.5053683515031384
 0.03403665336590587 0.3649516238888902 -0.3309149705229844 0.5482057933419802
 0.03305620422878759 0.36409527556271 -0.3310390713339225 0.5695631301008162
 0.003590569143248532 0.371044472809446 -0.3674539036661974 0.5277607764273848
 0.0281667667344995 0.4546609755932339 -0.4264942088587345 0.6245008155689297
 0.01426111944453388 0.4933783539591815 -0.4791172345146477 0.5890638543773475
 0.04316830635324979 0.4901356399110126 -0.4469673335577628 0.6216073083542963
 0.03748019298410651 0.489203458127521 -0.4517232651434145 0.6161918125800744
 0.03316791926764095 0.3973204822152397 -0.3641525629475987 0.6802833404345974
 0.01652830145149725 0.4906907376097557 -0.4741624361582584 0.5920226347388033
 -0.01570005849355032 0.355799865378055 -0.3714999238716054 0.6255267690278135
 -0.01034077190450258 0.4672716880283528 -0.4776124599328554 0.5694479615092428
 0.04580323757583346 0.5537209509290828 -0.5079177133532494 0.6107924921793535
 0.008766912840934117 0.50599792566142 -0.4972310128204859 0.5880355075260517
 0.02278276966577598 0.3575169752852744 -0.3347342056194985 0.5504190466022527
 -0.05502450786247395 0.3064805473092258 -0.3615050551716997 0.4870235707121364
 -0.03744632550322062 0.3390553807299849 -0.3765017062332056 0.5155078742865002
 0.008039810674596037 0.3515498060484216 -0.3435099953738256 0.5294390356977283
 0.02005422130821544 0.3573864609399979 -0.3373322396317824 0.5526663146779303
 -0.09806987705735988 0.3146686266446779 -0.4127385037020378 0.4695693722749806
 -0.09190925292179955 0.3245860601872346 -0.4164953131090341 0.4746238841375866
 -0.04964301732652707 0.3058445827936634 -0.3554876001201904 0.5061975864184904
 -0.0356473695455281 0.3326350963704868 -0.3682824659160149 0.5116995848534407
 -0.1028756750022884 0.3449720834914521 -0.4478477584937405 0.4632597754548974
 0.06475783863658149 0.4021964378937039 -0.3374385992571224 0.6848760567416535
 -0.008497226629615892 0.3683251602852976 -0.3768223869149134 0.6192327903310563
 0.0948661554440218 0.4255263748426569 -0.3306602193986352 0.7035293216965243
 0.08506544056065855 0.5487812131225799 -0.4637157725619214 0.6374858115777525
 0.1112735295664041 0.5297130046668969 -0.4184394751004928 0.6679292929292929
 0.09879499963101314 0.5436466074004631 -0.4448516077694499 0.6492039373720023
 0.09369571823176556 0.5177168989332093 -0.4240211807014437 0.660348556163338
 0.08563743196943088 0.4141623671827122 -0.3285249352132812 0.6986174431965603
 0.07299582229226463 0.4212910965849082 -0.3482952742926435 0.6793371310201968
 0.05618712108442381 0.422955977151743 -0.3667688560673192 0.6612514796522307
 0.0552192024713546 0.5219501344931455 -0.4667309320217909 0.6256161154368169
 0.03350030764805347 0.5107463067422566 -0.4772459990942031 0.6065573770491803
 0.008634236785360353 0.4903016525517355 -0.4816674157663752 0.5697872340425532
 0.04939661420085768 0.5538628418278029 -0.5044662276269453 0.6155746783675556
 0.02079787682355269 0.538951841986578 -0.5181539651630253 0.5821342427014888
 0.03566187140367755 0.4730317858774455 -0.4373699144737679 0.6206727528950432
 0.03973183820201574 0.5458225264377875 -0.5060906882357719 0.5898103384157679
 0.04804732914294883 0.4959913800745817 -0.4479440509316329 0.6328784925276153
 0.005750231686881322 0.4837754668145194 -0.478025235127638 0.5788829291044776
 0.04292408775279039 0.493197156651735 -0.4502730688989446 0.620320535821074
 0.06696684049831492 0.530334698525897 -0.463367858027582 0.6365399813204972
 0.05534437474744752 0.500137743138192 -0.4447933683907445 0.6309407750426517
 0.03433267170848406 0.5783073422363056 -0.5439746705278217 0.5911023232822541
 0.03482634511160176 0.4769056375384585 -0.4420792924268567 0.6146561691350548
 -0.008511602741428474 0.5589169507092903 -0.5674285534507187 0.5496492441458354
 0.1161517269173236 0.4505991559136626 -0.3344474289963391 0.7390914077694111
 0.07870672492734543 0.4199214743370704 -0.341214749409725 0.695940347970174
 0.05446098390821246 0.5434127452004213 -0.4889517612922088 0.6168985140689219
 0.01176973217217576 0.4944895932917223 -0.4827198611195465 0.5886392426161744
 -0.001071340619170773 0.4970553530160989 -0.4981266936352697 0.570355388616007
 0.01682899158532698 0.5092109227768106 -0.4923819311914836 0.5861681192015744
 0.003088637292948834 0.4500052589210592 -0.4469166216281104 0.5936523929471033
 0.02643617072608014 0.4489260135774807 -0.4224898428514006 0.6129061453525206
 0.003937886695781604 0.4299191998579307 -0.425981313162149 0.5965372749458949
 -0.06561134784051631 0.4337547943532899 -0.4993661421938062 0.5217643644805572
 0.04295069676926157 0.4521282872494436 -0.4091775904801821 0.6198838072773337
 -0.0228711592202363 0.3659891026956305 -0.3888602619158668 0.5957461549120133
 -0.04638182770520377 0.4274659290125166 -0.4738477567177203 0.5447210810275701
 0.008507189966656314 0.4201546515662518 -0.4116474615995955 0.5957665012101571
 -0.004208971867634564 0.4476933666085938 -0.4519023384762283 0.5717374110203005
 -0.006194391294971745 0.3746221694517202 -0.3808165607466919 0.5872945498305728
 -0.00877682979484805 0.3761880797490882 -0.3849649095439363 0.57733499377335
 -0.009178501283994386 0.3553339722988653 -0.3645124735828597 0.5918595371109338
 0.000780885510949352 0.4019097497122181 -0.4011288642012688 0.5793806980200008
 -0.006394600673334156 0.3781274774926449 -0.384522078165979 0.582075992082806
 0.01069162851989953 0.3958151063801039 -0.3851234778602043 0.5879599625549075
 -0.008924207422210208 0.3510401649850506 -0.3599643724072608 0.5912998256294166
 0.0046283199686735 0.3742984978558542 -0.3696701778871807 0.5925555454517899
 -0.005911732435884697 0.3934213845890676 -0.3993331170249523 0.5720723600102275
 -0.02333117687389032 0.3624947531778576 -0.3858259300517479 0.5627852434077079
 0.001731263207156531 0.3776764798889625 -0.3759452166818059 0.5942304821615166
 0.01918932322375582 0.4098607319706469 -0.390671408746891 0.5970743690910444
 0.007705517623990975 0.3842876334643141 -0.376582115840323 0.5963283467049715
 3.058639089304817e-06 0.377165633266772 -0.3771625746276827 0.5927666530445443
 0.03882853967523265 0.4854593702347744 -0.4466308305595417 0.5927453001521622
 -4.764873908082464e-05 0.4438884157944845 -0.4439360645335654 0.5745229499742135
 -0.009287067646607606 0.3817585868170282 -0.3910456544636358 0.5821474773609314
 0.03973242618084803 0.5263836552084687 -0.4866512290276208 0.584443519289481
 0.002753848036482201 0.4745857223356643 -0.4718318742991821 0.5712037765538945
 -0.002987707647526722 0.3463756687096909 -0.3493633763572177 0.6043224184649538
 -0.01290571870865804 0.3988892877130059 -0.4117950064216638 0.5705813040062844
 0.01556059187974423 0.387183844801155 -0.3716232529214107 0.5984370619568264
 0.007346676654259389 0.3617019417913437 -0.3543552651370843 0.5992559810146879
 -0.01363966682178378 0.3836669691296744 -0.3973066359514582 0.5747984472977008
 0.01649697903636856 0.3869535363467784 -0.3704565573104098 0.6076964000709346
 0.02443716949882641 0.38564082395018 -0.3612036544513536 0.6039015030380557
 0.02403489600515469 0.3882096416082229 -0.3641747456030682 0.6045511496393621
 0.02593337658433553 0.4622897962803349 -0.4363564196959994 0.5933494028706037
 0.009342560696580198 0.3770730142982747 -0.3677304536016945 0.6023447102202893
 -0.01801862003170962 0.3356547483178696 -0.3536733683495792 0.5959913601423036
 -0.01335639149972344 0.4020431612961008 -0.4153995527958242 0.567359194935887
 0.002807863132200035 0.4166996391885265 -0.4138917760563265 0.5759449608911094
 0.006682094385021921 0.4371982153438771 -0.4305161209588552 0.5747782285026524
 0.002207616830942764 0.4143175958336223 -0.4121099790026795 0.5736522399392558
 -0.01648776507518767 0.4430818017581853 -0.4595695668333729 0.5590483421918502
 0.01972947178107463 0.5058395181176352 -0.4861100463365606 0.5714662099855091
 0.04478515386443645 0.4864248048759744 -0.441639651011538 0.5935311944821821
 0.0231220147790076 0.4517209603343546 -0.428598945555347 0.5858750232471639
 0.03157941235953202 0.4444631542640147 -0.4128837419044827 0.5955898003490698
 -0.01267463494310097 0.4270092062801173 -0.4396838412232183 0.5689556193420181
 -0.04424498602715209 0.4452812910614199 -0.4895262770885719 0.5110279791130855
 -0.04297734628975027 0.3905477151942576 -0.4335250614840078 0.534517083669626
 0.006289631360647347 0.4761242552672407 -0.4698346239065934 0.569601381042059
 -0.03778166987428874 0.4627474504694294 -0.5005291203437181 0.5325571366968521
 -0.006983494301929976 0.4529491544790645 -0.4599326487809945 0.5501233909157607
 0.001535035529117225 0.4661899824250381 -0.4646549468959208 0.5582612653618571
 0.01564775466672508 0.4880175896863463 -0.4723698350196212 0.570045510964005
 -0.04471313183083052 0.4011727711017163 -0.4458859029325468 0.5291666666666667
 -0.01713420519615194 0.4526748202017504 -0.4698090253979024 0.5399019731054417
 -0.03798419257364482 0.4516357763714101 -0.4896199689450549 0.5334750265674814
 -0.01517690156062431 0.3851580272451857 -0.40033492880581 0.5655487804878049
 -0.01463855566404633 0.3865621302140683 -0.4012006858781146 0.5632776007334003
 -0.007245308443042954 0.4188985109846423 -0.4261438194276852 0.5603312716217633
 -0.04807623484721223 0.3615432981196676 -0.4096195329668799 0.5369147788565264
 -0.02603079011480384 0.3683473732494311 -0.3943781633642349 0.5549915397631133
 -0.002397424662727184 0.4712428129929909 -0.4736402376557181 0.5581185663836502
 -0.03450472719009737 0.3941382475491877 -0.4286429747392851 0.5445658137562971
 -0.05234684334093054 0.3719481999751723 -0.4242950433161028 0.5316221955498107
 0.01303418510381845 0.4092644307767893 -0.3962302456729708 0.5854872774816454
 -0.04288771572847975 0.379289243638029 -0.4221769593665087 0.5370250829952047
 -0.01880227784424198 0.394310022498267 -0.413112300342509 0.5607176500813565
 0.03516616241753818 0.3997962227856626 -0.3646300603681245 0.6027475672581568
 0.01149328849753605 0.4282431342194694 -0.4167498457219333 0.5765886887156045
 0.03116357106051888 0.4861527318638522 -0.4549891608033334 0.5802521304317205
 -0.02058402941190804 0.4752361039768918 -0.4958201333887998 0.5398018166804294
 -0.02537896008171375 0.3988020818589573 -0.424181041940671 0.5494081779053085
 -0.005167350460971325 0.3599890341758403 -0.3651563846368115 0.5717352107838929
 -0.005085503890485012 0.498867851172013 -0.5039533550624981 0.5371345698801618
 -0.03140926083958305 0.3727749579936435 -0.4041842188332265 0.5480198966902621
 -0.003262998759534562 0.483682568690544 -0.4869455674500786 0.5524921226009739
 -0.03951674095497655 0.3814928189241942 -0.4210095598791708 0.5341378818834038
 -0.01844182640680659 0.497925910517209 -0.5163677369240155 0.5331708166463521
 -0.03200624496493146 0.3801465209827606 -0.4121527659476921 0.5522173774327342
 -0.011878067040151 0.4126650901594781 -0.424543157199629 0.5650721069293
 0.00102745584138843 0.506470179590539 -0.5054427237491506 0.5603448275862069
 -0.001284896572871999 0.4106627012152799 -0.4119475977881519 0.5777920823945929
 -0.07615695498315266 0.3503849758772161 -0.4265419308603687 0.5123356829872356
 -0.03785980457920906 0.4475058777959462 -0.4853656823751553 0.5238513783459848
 -0.0261062587347779 0.4622828679498659 -0.4883891266846437 0.5290468133107727
 0.008894122223183637 0.4386840144458947 -0.4297898922227111 0.5679969737090977
 0.04358816008133785 0.4997505606606701 -0.4561624005793323 0.5968159585690994
 0.04875762831150934 0.4886723326642581 -0.4399147043527487 0.6082697083984914
 0.02833649899815483 0.4738520562031435 -0.4455155572049886 0.590981730229344
 0.04892612672706908 0.4736721924763508 -0.4247460657492817 0.6166841218523746
 0.05370430173545127 0.4849575999892686 -0.4312532982538174 0.6082882734139596
 0.1778054021192175 0.5319028905091402 -0.3540974883899227 0.7111913357400722
 0.1064484001780895 0.4501736702021418 -0.3437252700240523 0.6897746360582306
 0.03952062319977351 0.4955527392789773 -0.4560321160792037 0.5897048018325626
 0.07731009467094868 0.4895966390348658 -0.4122865443639172 0.6329762058431221
 0.1009341453544016 0.4798684692649039 -0.3789343239105024 0.6702967471942173
 0.160933635803045 0.5132695625866907 -0.3523359267836456 0.6970759827753855
 0.1019065858064501 0.5103777213133314 -0.4084711355068812 0.6498648584570155
 0.2031905459136215 0.5521079487499158 -0.3489174028362943 0.7256610705284292
 0.2024639925194485 0.5826407417561941 -0.3801767492367455 0.7078226798487403
 0.1563093679387426 0.5286256326152248 -0.372316264676482 0.6899326118031448
 0.1355036480054952 0.5116185502719397 -0.3761149022664445 0.6986447758294069
 0.2074048404940851 0.5686973868790379 -0.3612925463849528 0.7120497089822243
 0.2069775209787242 0.5579609275223196 -0.3509834065435954 0.7310927958320877
 0.1538297297094635 0.5250258011596505 -0.3711960714501868 0.6928
 0.1422830857055313 0.469979122225143 -0.3276960365196117 0.7158609308779957
 0.1547358906586544 0.5242793624599562 -0.3695434718013019 0.6999438905433986
 0.1946123083422024 0.5471211761907157 -0.3525088678485133 0.715022888056596
 0.01614828764479181 0.4799229161053653 -0.4637746284605735 0.5737256866943015
 0.1162086423081932 0.4911923027677851 -0.374983660459592 0.6635334088335221
 0.1201818850944542 0.5320928309051624 -0.4119109458107083 0.6562119081106423
 0.182212128578202 0.5758173014240355 -0.3936051728458336 0.6928284854563691
 0.2159726245088952 0.5583279062735297 -0.3423552817646345 0.7199181699832621
 0.002510077432287039 0.5194525229994333 -0.5169424455671463 0.5498959296947271
 -0.003653830886037773 0.4770673681673232 -0.4807211990533609 0.5560355171586273
 0.1913074984464216 0.5340652376612838 -0.3427577392148622 0.7267282051282051
 -0.006522818291064972 0.4770993398444727 -0.4836221581355376 0.545760462581165
 0.1442525176988297 0.5377796890492381 -0.3935271713504084 0.6718233505222795
 0.1448853559112844 0.5240256692581676 -0.3791403133468833 0.6844182375336615
 0.1193657343716504 0.4966435732064719 -0.3772778388348215 0.6666934253833187
 0.1457069542457614 0.5162506884036253 -0.370543734157864 0.6888107497174432
 0.04982643035781537 0.4907540843725133 -0.4409276540146979 0.6009736590454664
 0.1657010192871379 0.5122105984475238 -0.3465095791603858 0.7039753616728127
 0.0540005695615536 0.5770807858652589 -0.5230802163037053 0.5815035228127778
 0.1532520313719292 0.5790623589137717 -0.4258103275418425 0.6574295985620132
 0.1383652337151119 0.5516796082978315 -0.4133143745827196 0.6740509791051307
 0.1223471156080376 0.5855389506694277 -0.4631918350613901 0.638117087263149
 0.03976098519888503 0.4640071590017512 -0.4242461738028661 0.5987960175966659
 0.09298393567020162 0.5244167451728559 -0.4314328095026543 0.6118421052631579
 -0.009268161289896323 0.5306945391743171 -0.5399627004642135 0.5396627565982405
 0.007575099846474343 0.4639842124249545 -0.4564091125784801 0.5664212225136172
 0.1049274438350688 0.513872722670068 -0.4089452788349992 0.6348977828966311
 0.1431382075225165 0.5463410413303873 -0.4032028338078708 0.6636345259753386
 -0.004057835039790044 0.5061490422623658 -0.5102068773021559 0.5400615127977897
 -0.005462675115777464 0.4620590130405264 -0.4675216881563038 0.5468707789284106
 0.04643560962301806 0.5628466972559902 -0.5164110876329723 0.5682787005732765
 0.08578282638536416 0.4323099277014247 -0.3465271013160606 0.6616699029126214
 0.1064882900421547 0.5009813400937884 -0.3944930500516336 0.651702240254013
 0.1460553755263747 0.5287010233432543 -0.3826456478168797 0.6740931309493182
 -0.008698783523482032 0.4783855009439633 -0.4870842844674453 0.5401146846173024
 0.1065918933139461 0.5316962244071874 -0.4251043310932414 0.6330059294799257
 0.1519221584490279 0.5549094964246369 -0.4029873379756091 0.6641558793017907
 0.1837446521449835 0.5794438917961467 -0.3956992396511633 0.6813954503776798
 0.03146118109613591 0.4919396982281719 -0.4604785171320359 0.5728068608182955
 0.07500712490033756 0.4758883344813333 -0.4008812095809958 0.6313421128679354
 0.07123167150020647 0.4689397033052458 -0.3977080318050393 0.6294398146084942
 0.1545904249806885 0.5933561119328061 -0.4387656869521176 0.6538130579756911
 0.1356122623956292 0.556468174337083 -0.4208559119414538 0.6457870576040279
 0.02055021715587549 0.5220325659273521 -0.5014823487714767 0.5590729900848166
 0.09258145226636764 0.593731759646746 -0.5011503073803784 0.5923701405847799
 0.08559062596498997 0.5496886595789738 -0.4640980336139839 0.6115205687104699
 0.1729461526244149 0.6018526231358977 -0.4289064705114828 0.6580706278616915
 0.02101178049582465 0.4626589140248493 -0.4416471335290246 0.5883433848473426
 -0.02092705032046628 0.4818463678520106 -0.5027734181724768 0.5339728671169893
 0.170245302546033 0.5830188332876731 -0.4127735307416401 0.6646187775677379
 0.1258130491095707 0.5382681476422142 -0.4124550985326436 0.6542429985260054
 0.1976844227428031 0.5121307129242656 -0.3144462901814626 0.7424869445265544
 0.06800452241762474 0.4758427956028716 -0.4078382731852469 0.6207976184365858
 0.1741277177644679 0.5265369247261241 -0.3524092069616561 0.7034584603658537
 0.05616784825498657 0.5136207711819705 -0.4574529229269839 0.5936571370017419
 0.121571489938017 0.5111040129990825 -0.3895325230610654 0.6698507462686567
 0.2396942327764789 0.5840611930295675 -0.3443669602530885 0.7389162561576355
 0.2497914240796828 0.5876583122138748 -0.3378668881341921 0.7414845442016145
 0.2456570643956586 0.6096151530281138 -0.3639580886324552 0.7282555549519205
 0.1169411667942598 0.5223732121151697 -0.4054320453209099 0.643136284936928
 -0.0005905412724226843 0.4521673383753501 -0.4527578796477728 0.5685819307409556
 0.1498500147406633 0.5574814562625809 -0.4076314415219177 0.6603096915741952
 0.1174243675119063 0.5580195724575072 -0.4405952049456009 0.6422886866059818
 0.1332650398042376 0.5541422572394205 -0.4208772174351827 0.6511335012594458
 0.137925422017186 0.5389067998638333 -0.4009813778466472 0.6624019495849517
 0.1353636429571248 0.5548512156572948 -0.41948757270017 0.6591543677702433
 0.1141467645461618 0.5361054168363337 -0.4219586522901719 0.6598902685532775
 0.1334568579886079 0.4861532694140157 -0.3526964114254078 0.675510082683957
 0.09671031620343845 0.5550032169219543 -0.4582929007185158 0.6185110663983904
 0.1249930378981558 0.5314399460704062 -0.4064469081722505 0.6520135896586012
 0.09484978530835808 0.5072484805029611 -0.412398695194603 0.646802523487496
 0.1022018581203323 0.5427274398551905 -0.4405255817348582 0.6247753414809489
 0.1320930996658927 0.6044926431987018 -0.4723995435328091 0.6371552052879115
 0.1171850325479342 0.5492545754609311 -0.432069542912997 0.6350457287410002
 0.02721241801523107 0.5590000428659722 -0.531787624850741 0.5569998609759489
 0.06243494474347951 0.5670351608927725 -0.504600216149293 0.5923052564914503
 0.07859987885253328 0.6024530542583642 -0.5238531754058309 0.5929171494785631
 0.1492964273796019 0.5527670768902579 -0.4034706495106561 0.6743333002874987
 0.1192607631454256 0.5392117771388772 -0.4199510139934516 0.6462558999872433
 0.1119737253452111 0.5428512597714692 -0.430877534426258 0.6413214472994232
 0.1263166862376963 0.5328533863503956 -0.4065367001126993 0.6697129735935706
 0.03298679740898745 0.6539921483880926 -0.6210053509791051 0.5469206497604301
 0.1136138410115538 0.5531638229825738 -0.43954998197102 0.6392269813249094
 0.1061870302242004 0.5641919703889287 -0.4580049401647282 0.639452300211146
 0.1335461029993003 0.561973785412081 -0.4284276824127808 0.6532411240442215
 0.1327404938386482 0.600333864284805 -0.4675933704461568 0.6410444566746163
 0.09996355745298116 0.5635929087903673 -0.4636293513373861 0.6364775932309621
 0.09346141654448689 0.5389949643807445 -0.4455335478362576 0.6340896410637902
 0.1060432598229491 0.5589917241937087 -0.4529484643707596 0.621011465647498
 0.1445624402135038 0.5475052778227369 -0.4029428376092332 0.6620832174224059
 0.1221746652907236 0.5219203759579476 -0.399745710667224 0.6671515252264982
 0.171674898981131 0.5788750979272265 -0.4072001989460955 0.6684102212313496
 0.150988753746969 0.5325424948713829 -0.381553741124414 0.6628011668527388
 0.1353591604937241 0.5447056652146839 -0.4093465047209598 0.6517794836008374
 0.06155705470981321 0.5847341909889355 -0.5231771362791222 0.5692370035892093
 0.03290566624554193 0.5929048560015423 -0.5599991897560005 0.5629812134277795
 0.119198279358113 0.5277588262622701 -0.4085605469041572 0.6505595116988809
 0.09272255250045511 0.5326950400184622 -0.4399724875180072 0.6264012279640914
 0.09601978176678524 0.4803110943970353 -0.38429131263025 0.6315251856738524
 0.1285367456048518 0.5380138760045629 -0.4094771303997112 0.6593305601238271
 0.1496393258974685 0.5339094021060174 -0.3842700762085489 0.6687577914505167
 0.1049216354223927 0.5614596985924876 -0.4565380631700949 0.6263503858245213
 0.1107676697839607 0.5705024429908184 -0.4597347732068577 0.6247932061321275
 0.1037339582879613 0.5532951854989941 -0.4495612272110329 0.6158530783138263
 0.10884828358956 0.5401633492796418 -0.4313150656900818 0.625382404746454
 0.09253136557255702 0.5159210762564943 -0.4233897106839372 0.6190158518377331
 0.1104742866359901 0.5554705431395902 -0.4449962565036001 0.6264178897171165
 0.04341861223778459 0.5385343705337274 -0.4951157582959428 0.5710144927536231
 0.09092488688367109 0.5226310863275813 -0.4317061994439102 0.6227684830357978
 0.1060058733133721 0.5628417167643497 -0.4568358434509776 0.6189620097459432
 0.1225650128238759 0.5369254002687169 -0.414360387444841 0.6520104609349461
 0.1163763538232503 0.5232583972004556 -0.4068820433772053 0.6462054626216803
 0.1442585366143605 0.5172923516363148 -0.3730338150219544 0.6605013292821876
 0.1240216758821845 0.5569853542069013 -0.4329636783247168 0.6339930393226326
 0.1504429547509829 0.5636544594628202 -0.4132115047118373 0.6639852907377615
 0.04565961332424625 0.623569196109558 -0.5779095827853117 0.5708955223880597
 0.1420651941036582 0.5511645273852246 -0.4090993332815665 0.6487402848051744
 0.1400820519821545 0.5445231233512935 -0.4044410713691389 0.6563518732133006
 0.1048534330393004 0.5412270163697369 -0.4363735833304365 0.630659607105745
 0.1196242175468547 0.5525209544088111 -0.4328967368619565 0.6430593328523062
 0.0165166775662655 0.5922942281678337 -0.5757775506015682 0.5514267363978347
 -0.3764048127180238 0.5827870350679718 -0.9591918477859956 0.3823132313231323
 0.1217025947084024 0.5507811355731791 -0.4290785408647767 0.636018711018711
 0.1872856216224635 0.5465419868536613 -0.3592563652311978 0.7022541711040113
 0.1281009554716968 0.5481488259422299 -0.4200478704705331 0.6456566798567929
 0.0860654715099452 0.5494235555338053 -0.4633580840238601 0.6157117278424351
 0.08487100277974385 0.5282960022905543 -0.4434249995108104 0.6254157647431497
 0.1091521629946107 0.5275018333181455 -0.4183496703235348 0.6516429840142096
 0.145450040217872 0.5437587057353755 -0.3983086655175035 0.6719293163383546
 0.1130491150677915 0.5659603306059625 -0.4529112155381711 0.6279133086473535
 0.1205297260955965 0.54495230600513 -0.4244225799095335 0.6451693475871716
 0.1391303913232347 0.5264155720669286 -0.3872851807436939 0.672700771111529
 0.1131009154418038 0.5340665661088045 -0.4209656506670006 0.6479887932759656
 0.1082182697190574 0.5602848251950014 -0.4520665554759442 0.6324527871284304
 0.1518623611633815 0.5694817914917748 -0.4176194303283934 0.656004323899371
 0.09101459716578784 0.5377800648394915 -0.4467654676737036 0.6300896425099903
 0.1416769098496418 0.5383873423084266 -0.3967104324587847 0.6604835441898158
 0.1472483764541162 0.5344401444343817 -0.3871917679802656 0.671353251318102
 0.1538561239850748 0.5418380816532766 -0.3879819576682018 0.670502385630087
 0.09245719072232833 0.5584152393639524 -0.465958048641624 0.6171952572863735
 0.1085242482108215 0.5965583122358988 -0.4880340640250774 0.6106542724347516
 0.05212767824666979 0.3732514110085751 -0.3211237327619054 0.5712149203835665
 0.05065193483085566 0.3880672163856038 -0.3374152815547482 0.5715378437296822
 0.04588940193749765 0.3745909253245436 -0.3287015233870459 0.5682478598916202
 0.08232805676546415 0.3903461254256932 -0.3080180686602291 0.5929969879518072
 0.04809791056397098 0.3767136241857471 -0.3286157136217762 0.5731157731157731
 0.06922944194440091 0.3906827585607757 -0.3214533166163748 0.5785255198487713
 0.09080578019792875 0.3830656259223576 -0.2922598457244288 0.5938426200355661
 0.1257887952755546 0.4261005815710318 -0.3003117862954771 0.6161060965155565
 0.04584968323893596 0.375203094215562 -0.3293534109766261 0.5694973849836007
 0.06060393528380668 0.3773141648135376 -0.316710229529731 0.5718484355217942
 0.07057569564833094 0.3765975537312332 -0.3060218580829023 0.5844035849579599
 0.09209544410671329 0.4065871004993801 -0.3144916563926668 0.6066760937566954
 0.08105295368808139 0.4021519939859923 -0.3210990402979109 0.5890528905289053
 0.1045968675137444 0.407746864787576 -0.3031499972738316 0.6013337455284193
 0.03464783470942134 0.3848675101776117 -0.3502196754681904 0.5602637403172261
 0.03512096522094191 0.3736634767203473 -0.3385425114994053 0.5634520182787509
 0.009265023525754092 0.3464035451452356 -0.3371385216194815 0.541721516837233
 0.06045741615620016 0.3808027961368824 -0.3203453799806822 0.5718007891014666
 0.01940886276968843 0.3678019263187326 -0.3483930635490442 0.5518258426966293
 0.03430016090280657 0.3749764028501317 -0.3406762419473252 0.5605001344447432
 0.02803189411240485 0.4320608475127218 -0.404028953400317 0.6166404008566695
 0.01094024846944117 0.4312808164123922 -0.420340567942951 0.5846591133393865
 0.003926271066705687 0.3887919334912187 -0.384865662424513 0.605833956619297
 -0.001575090837274739 0.3976034132061647 -0.3991785040434395 0.5994526915579547
 -0.0161258389655086 0.4206174912014844 -0.436743330166993 0.5718597236981934
 -0.0065205695086949 0.4210645632731839 -0.4275851327818788 0.5881111824603248
 0.03396364470399212 0.4328291112602881 -0.398865466556296 0.6229514781491002
 0.001215458461546117 0.4428300871170608 -0.4416146286555147 0.5876425939899684
 0.02925975244696042 0.4168934911749172 -0.3876337387279568 0.6189602904300311
 0.05618482337634344 0.417671447020744 -0.3614866236444006 0.6441432903714935
 0.01471475827419465 0.3698926506550044 -0.3551778923808097 0.5497349267679037
 0.01161722308458904 0.3816554647084636 -0.3700382416238746 0.5437097124646918
 0.02600497826602414 0.3794188178811406 -0.3534138396151165 0.5490161240172345
 -0.01266470020629843 0.3627710546023381 -0.3754357548086366 0.5299464786339309
 0.007090530524133662 0.37647086184461 -0.3693803313204764 0.5512616364527193
 0.004565686184232947 0.3586995412285565 -0.3541338550443235 0.545509765442482
 0.003548640530895903 0.3685337076969388 -0.3649850671660429 0.5416770237799321
 0.05208872667803541 0.3921350972352475 -0.3400463705572121 0.5715069094099583
 0.03769612092772134 0.3917944467728071 -0.3540983258450858 0.5647369992747749
 0.03005431075362263 0.3711291952060825 -0.3410748844524599 0.5606296074915321
 0.06602467928003021 0.4344697776922476 -0.3684450984122174 0.6313998453209591
 -0.0328863134262186 0.3815475911146173 -0.4144339045408359 0.5561244808556637
 -0.04725617858044666 0.3972481533993363 -0.444504331979783 0.5386375638091885
 -0.02560231624171156 0.4000686834054395 -0.4256709996471511 0.5660096264038506
 0.02560036015737872 0.4519337355220303 -0.4263333753646515 0.5913865546218487
 0.05052379438235699 0.4903902395450572 -0.4398664451627002 0.6005141388174807
 0.0067908330010413 0.4379489065457607 -0.4311580735447195 0.5790574699285258
 -0.0273189595520961 0.4042213742233239 -0.43154033377542 0.5582630243672193
 0.01097974532392305 0.4507815028610773 -0.4398017575371542 0.5732451678535097
 -0.001077564399474157 0.4392382514683992 -0.4403158158678733 0.5662422790873566
 0.1572186988021403 0.5513117362970705 -0.3940930374949302 0.6844470727380249
 0.1355956093295783 0.5177034109725348 -0.3821078016429565 0.6739560704803282
 0.1378666643390989 0.5058074589593621 -0.3679407946202632 0.671901583562361
 0.1535898926947016 0.535124528273745 -0.3815346355790434 0.6738866747530757
 0.09638897966831146 0.5105413757389701 -0.4141523960706586 0.6289774805371231
 0.06863534973899928 0.4665164544091639 -0.3978811046701646 0.6292279656873638
 0.08920335872984045 0.4914739453794646 -0.4022705866496242 0.639172335600907
 0.0326682414412055 0.4654477112706819 -0.4327794698294763 0.5802263947533914
 0.03780558993719055 0.4495394721557838 -0.4117338822185933 0.5968054810351232
 0.05068460333533532 0.4445477860178398 -0.3938631826825045 0.6161608104335341
 -0.09021579863781488 0.4062438600146773 -0.4964596586524922 0.4844837875472449
 -0.04464917157614604 0.4113410254703171 -0.4559901970464631 0.5222581340228399
 -0.06788267184580077 0.4107191751613896 -0.4786018470071904 0.5091485036168503
 -0.03886971465429272 0.3953439445729301 -0.4342136592272228 0.5461616206002549
 -0.06048193277066844 0.414445440398622 -0.4749273731692905 0.5171445542415897
 -0.05850001793385341 0.3870818635164668 -0.4455818814503202 0.5320538274873152
 -0.05133978631321372 0.4360921604098371 -0.4874319467230508 0.5200022665457842
 -0.05817184039947305 0.4192176182636528 -0.4773894586631258 0.5151565347026669
 -0.07000814423810134 0.4183345800748118 -0.4883427243129131 0.5026858145143609
 -0.08876473269983766 0.4163367906982994 -0.505101523398137 0.4989393077042479
 0.1154682744248468 0.4852840376069498 -0.3698157631821031 0.6715885049365303
 0.2056984900229293 0.5260777691314638 -0.3203792791085345 0.7285241192195667
 0.1235575311790375 0.491852154826993 -0.3682946236479555 0.6746052403262189
 0.1217217218017212 0.4734093681096538 -0.3516876463079326 0.686818632309217
 0.1052844264981667 0.4862988424295103 -0.3810144159313436 0.6747300004886869
 0.1015312470010679 0.483605227605782 -0.3820739806047141 0.6716806763997444
 0.075421564686091 0.4535609444712065 -0.3781393797851156 0.6534385669312287
 0.1244910024253482 0.4972026942095239 -0.3727116917841757 0.676923076923077
 0.1280388769492172 0.5280118597879618 -0.3999729828387447 0.665340712556209
 0.1023579160709223 0.4567492405073511 -0.3543913244364288 0.668151715833835
 0.003903099744229011 0.4006649422879808 -0.3967618425437517 0.5945151164711713
 -0.0258078521412402 0.3887227338528619 -0.414530585994102 0.5849033420707732
 0.006679994015756398 0.4083746348433809 -0.4016946408276245 0.6149311583962531
 -0.02083314285840245 0.3897621259267254 -0.4105952687851279 0.5845034742327736
 -0.004616545269252951 0.385699254733235 -0.390315800002488 0.6018990273274665
 -0.002547541127117672 0.4030804506801476 -0.4056279918072652 0.6002621231979031
 0.003850910089492536 0.3996214331998041 -0.3957705231103116 0.6034765371859871
 -0.001302003819561738 0.3939559992067275 -0.3952580030262893 0.605302505379089
 -0.03928797087162902 0.3741814749446004 -0.4134694458162294 0.5607258035935784
 -0.02821484296400303 0.4020300690530079 -0.430244912017011 0.5775559863075844
 -0.02310188048506796 0.3450576405055336 -0.3681595209906016 0.5271332248314345
 0.009605246136160085 0.3571184646176139 -0.3475132184814538 0.5432939362795478
 -0.008262333065595966 0.3743890881571123 -0.3826514212227083 0.5327477695552942
 -0.001280189991440321 0.3251163854734177 -0.326396575464858 0.5316157278774101
 0.01664960345825692 0.3971097692534713 -0.3804601657952144 0.5528645833333333
 0.02169897838473301 0.3598571369566304 -0.3381581585718974 0.5572863897331982
 -0.01065423245302134 0.3275304963040945 -0.3381847287571158 0.5229566916313905
 -0.008943397067426084 0.3583297903800308 -0.3672731874474569 0.5330555193818639
 0.002169803749011949 0.3600091789681283 -0.3578393752191164 0.5305351987563847
 -0.006031351398329977 0.3381235519770275 -0.3441549033753575 0.5353276588711676
 -0.03881334889166257 0.3891216258719581 -0.4279349747636207 0.559958062120484
 -0.03978675114825274 0.4528883539986113 -0.4926751051468641 0.5261103253182461
 -0.04721939086004124 0.3720860831505052 -0.4193054740105465 0.5708317214700194
 -0.03981121082865022 0.3659934888541429 -0.4058046996827931 0.5784125028870583
 0.02714859358564148 0.434997961513457 -0.4078493679278155 0.622902014928593
 -0.01240622231942108 0.410966978024117 -0.4233732003435381 0.5811411411411411
 -0.03047452181327434 0.3916354357704325 -0.4221099575837069 0.5744874175324932
 0.002581463526171045 0.4209058950440288 -0.4183244315178577 0.5907186479193296
 0.01772511219839387 0.4178000649736999 -0.400074952775306 0.6068401376910834
 -0.004570975939966472 0.4191595259179927 -0.4237305018579591 0.5891353929089778
 0.0257430253585423 0.3868664314447112 -0.3611234060861689 0.5519904931669638
 0.0339344482645156 0.3829035866047662 -0.3489691383402506 0.5563473649320517
 0.02176727014905076 0.3823010773351387 -0.3605338071860879 0.5464788732394367
 -0.001382798445865909 0.3741104763689261 -0.3754932748147921 0.5404805432227736
 -0.004745515820983033 0.3595306077555467 -0.3642761235765297 0.5365853658536586
 0.02108388496552163 0.3804034429098482 -0.3593195579443265 0.548722533289418
 0.008637236520609029 0.3861726028177064 -0.3775353662970974 0.5455971659919029
 0.04568684757519722 0.4282719243966113 -0.3825850768214141 0.5693966247107298
 0.0226412208522654 0.4022225792172734 -0.3795813583650081 0.5587078651685393
 0.0140147732060313 0.3722131152528094 -0.3581983420467781 0.5454952267303103
 0.03392759271346923 0.4300696795388074 -0.3961420868253382 0.5996065521117713
 -0.0484255818259957 0.3959678584032177 -0.4443934402292135 0.5377106234879674
 0.01417379169485397 0.4221992757023431 -0.4080254840074891 0.5878528731620053
 0.03414745456570172 0.4336472829897781 -0.3994998284240764 0.6031535869041887
 0.02494884562178855 0.4242944581111177 -0.3993456124893291 0.6086143913006542
 0.0276835045914617 0.4376787072083101 -0.4099952026168485 0.5963025210084033
 0.01014743847063824 0.4045211263472717 -0.3943736878766335 0.6026514682195515
 0.005955216869390729 0.4422945015196639 -0.4363392846502732 0.5766396962437282
 -0.05982687854229368 0.3881675207487383 -0.447994399291032 0.5303717538242618
 -0.05535218237880695 0.391486663533771 -0.446838845912578 0.5314977656047283
 -0.0009076652144590712 0.4433473732421745 -0.4442550384566336 0.5710969468051621
 0.03523190323992814 0.4171025777571751 -0.3818706745172469 0.6200810967368218
 0.05579238605283802 0.5260611002247328 -0.4702687141718948 0.5831320126697804
 0.05286360735142461 0.4833016468699308 -0.4304380395185063 0.6008898194190002
 0.05473943741776641 0.4764909697644739 -0.4217515323467075 0.6085806003817457
 0.03757253653339119 0.4720853283877774 -0.4345127918543862 0.6031502459719276
 0.004887651806315329 0.4209426569777338 -0.4160550051714184 0.5813198059894095
 0.0259268666199006 0.4661828232749323 -0.4402559566550316 0.5962203886079318
 0.02859613077236896 0.4445160881924128 -0.4159199574200439 0.6035437899099252
 0.05731202926290179 0.4759628523844021 -0.4186508231215003 0.6146453478482735
 0.01871867645882065 0.4456417520136161 -0.4269230755547954 0.5845723482526057
 0.09003811300214683 0.4814313232509342 -0.3913932102487874 0.6396101202820407
 0.04637182617874823 0.5178877369591026 -0.4715159107803544 0.5783453564697472
 0.03063189565607261 0.4584536520060981 -0.4278217563500254 0.5838042951719683
 0.02668042151101611 0.4511946702819728 -0.4245142487709566 0.5943252534923191
 0.02549875457594878 0.4390291382276865 -0.4135303836517377 0.5969805726769135
 0.02747615985273718 0.4515763601419573 -0.4241002002892202 0.5848515003061849
 -0.01284636291396736 0.4944490244321887 -0.507295387346156 0.5291330787724509
 0.05578117811128142 0.4896822635549699 -0.4339010854436885 0.5970124061102202
 0.03191112741099403 0.4913442034873835 -0.4594330760763894 0.5620094191522763
 0.05631124505084126 0.5427134326773314 -0.4864021876264901 0.5837370848169984
 0.05122591788762784 0.5044746750796367 -0.4532487571920089 0.593398206449151
 -0.002279014667572575 0.4600272412032195 -0.4623062558707921 0.5405160490294272
 -0.02895273080778034 0.4228454713855397 -0.4517982021933201 0.5460494742812269
 -0.001033401497090952 0.43283692787923 -0.4338703293763209 0.5645283018867925
 0.0108206446169473 0.4651245653667662 -0.4543039207498189 0.5719889127137702
 0.03167960679424384 0.4952941595231324 -0.4636145527288886 0.579229567933368
 -0.01522427533930058 0.4405509066391574 -0.455775181978458 0.5523844094559645
 0.02956219603285147 0.4891917277607274 -0.459629531727876 0.5709133570869905
 0.02235112472554205 0.4745516303533431 -0.4522005056278011 0.5795013850415512
