 0.05000000000000022
 0.2500000000000002
 0.2500000000000002
 0.5000000000000002
 0.05000000000000022
 0.2500000000000002
 -0.04999999999999978
 -0.1499999999999998
 -0.1499999999999998
 0.9500000000000003
 -0.09999999999999978
 -0.1999999999999998
 0.5500000000000003
 -0.3499999999999998
 0.7000000000000003
 -0.8499999999999999
 -0.4999999999999998
 -1.85
 -0.4499999999999998
 0.1500000000000002
 -1.25
 -0.3499999999999998
 -0.5499999999999998
 -1.45
 -0.4499999999999998
 -0.3999999999999998
 0.6000000000000003
 0.05000000000000022
 -0.3499999999999998
 -0.2499999999999998
 -0.2999999999999998
 -0.4499999999999998
 0.8000000000000003
 0.3000000000000003
 1.3
 0.4500000000000002
 -0.5999999999999999
 -0.6999999999999998
 -0.2999999999999998
 -0.1999999999999998
 -0.3499999999999998
 0.1500000000000002
 0.3000000000000003
 -0.3499999999999998
 0.3000000000000003
 -0.8499999999999999
 -0.4999999999999998
 -0.5499999999999998
 -0.6499999999999998
 0.4000000000000002
 0.6500000000000002
 -0.3999999999999998
 -0.5999999999999999
 -0.2499999999999998
 -0.2999999999999998
 -0.2499999999999998
 0.3000000000000003
 0.6500000000000002
 -0.3499999999999998
 0.5000000000000002
 0.5000000000000002
 -0.2999999999999998
 -0.4499999999999998
 -0.2499999999999998
 1.15
 -0.2499999999999998
 0.2000000000000002
 0.5500000000000003
 0.9500000000000003
 0.9500000000000003
 -0.2499999999999998
 0.3500000000000003
 0.3000000000000003
 0.8500000000000003
 0.3500000000000003
 -0.1999999999999998
 -0.04999999999999978
 -0.3999999999999998
 -0.4499999999999998
 -0.04999999999999978
 0.2500000000000002
 -0.3999999999999998
 0.6000000000000003
 -0.3499999999999998
 0.05000000000000022
 -0.8999999999999998
 0.7500000000000002
 0.6000000000000003
 0.5000000000000002
 -0.09999999999999978
 0.8500000000000003
 -0.5999999999999999
 -0.3499999999999998
 -0.5999999999999999
 0.4000000000000002
 -0.6499999999999998
