# Created by Octave 3.2.4, Sat Nov 03 23:31:00 2012 CDT <zac1164@zac1164-VirtualBox>
# name: data_curv_direct
# type: matrix
# rows: 500
# columns: 8
 0.06784810126582279 0.2749367088607595 0.07088607594936709 0.1113924050632911 0.0410126582278481 0.2658227848101266 0.07949367088607595 0.08860759493670886
 0.05685840707964602 0.3086283185840708 0.0584070796460177 0.08141592920353982 0.0334070796460177 0.3019911504424779 0.07477876106194691 0.08451327433628318
 0.06374111301789655 0.3164991419465555 0.05442510419220397 0.07992154939936259 0.03407697965187546 0.3103701887717578 0.06423142927188036 0.07673449374846776
 0.06864603074331438 0.3000631711939356 0.07348915561170773 0.08970309538850284 0.04127184670456938 0.2781638239629396 0.07454200884396715 0.07412086755106338
 0.06036054283978124 0.3001822969414624 0.06481669029775167 0.09844034838971034 0.03605428397812437 0.2898521369252582 0.0785902369860239 0.07170346364188779
 0.07522509439442347 0.2901539355213477 0.07551553877432472 0.08248620389195468 0.04269532384548359 0.270694162067964 0.08771420273017717 0.07551553877432472
 0.07021327582075246 0.2964294272705488 0.0709321830817158 0.1052000958543015 0.03570572729451234 0.2722262161514498 0.08027797747423916 0.06901509705248023
 0.06948798328108673 0.3006792058516197 0.06556948798328109 0.07654127481713689 0.03474399164054336 0.3025078369905956 0.07027168234064786 0.08019853709508883
 0.06830985915492958 0.2852112676056338 0.06549295774647887 0.08028169014084507 0.03626760563380282 0.2901408450704225 0.09014084507042254 0.08415492957746479
 0.07854523227383862 0.3016503667481663 0.07701711491442542 0.07396088019559902 0.04400977995110025 0.2888141809290953 0.07640586797066015 0.05959657701711491
 0.06987399770904926 0.3067964872088583 0.0628102329133257 0.08762886597938144 0.0418098510882016 0.2791141657121038 0.0672012218403971 0.08476517754868271
 0.06434145564580347 0.3199554069119286 0.06274884535754101 0.07596751075011944 0.03838190794712534 0.3029144768275203 0.06497849976110846 0.07071189679885333
 0.06589730724201372 0.3156046161565479 0.06021073758153538 0.08028098344204716 0.0388024753303228 0.2950326141495233 0.06439203880247533 0.07977922729553437
 0.07175636211931581 0.3024614100959533 0.07384230287859825 0.09240717563621194 0.03712974551522737 0.272215269086358 0.07196495619524405 0.07822277847309136
 0.0628883449444549 0.3189606477122952 0.06571267181321785 0.08642440218414611 0.03558651854641311 0.2916588213142534 0.06251176802861985 0.07625682545659951
 0.06121673003802281 0.3347908745247148 0.05855513307984791 0.06577946768060837 0.03022813688212928 0.3142585551330799 0.06007604562737642 0.07509505703422054
 0.0812366737739872 0.3191897654584221 0.06886993603411513 0.06695095948827293 0.03347547974413646 0.2884861407249467 0.0697228144989339 0.07206823027718551
 0.07199999999999999 0.308 0.06838095238095238 0.06685714285714285 0.04133333333333333 0.2984761904761905 0.07409523809523809 0.07085714285714285
 0.06738674834757376 0.3098500725455425 0.06674189908108979 0.08028373367725294 0.03288731259068193 0.2922779300338546 0.07641463807834918 0.07415766564565533
 0.08253484320557491 0.3094512195121951 0.06554878048780488 0.07534843205574913 0.03767421602787457 0.2837543554006969 0.06925087108013937 0.07643728222996515
 0.06992230854605994 0.2941176470588235 0.0660377358490566 0.09600443951165372 0.03773584905660377 0.2810765815760267 0.07963374028856826 0.07547169811320754
 0.06012861736334405 0.3057877813504823 0.06559485530546624 0.102572347266881 0.03215434083601286 0.2707395498392283 0.06623794212218649 0.09678456591639871
 0.07224242424242425 0.304 0.06303030303030303 0.09018181818181818 0.03806060606060606 0.2855757575757576 0.07006060606060606 0.07684848484848485
 0.07316449219749296 0.2972627270401637 0.07316449219749296 0.08416474801739575 0.04144282425172678 0.2637503197748785 0.07418777180864672 0.09286262471220261
 0.06117908787541713 0.3254727474972191 0.07052280311457175 0.08409343715239155 0.0335928809788654 0.2854282536151279 0.0760845383759733 0.06362625139043382
 0.07448979591836735 0.3043367346938776 0.07678571428571429 0.08698979591836735 0.03979591836734694 0.2798469387755102 0.075 0.06275510204081633
 0.06270996640537514 0.2924972004479283 0.08980963045912654 0.1063829787234043 0.02978723404255319 0.251063829787234 0.08667413213885779 0.08107502799552072
 0.07041139240506329 0.2850738396624473 0.0759493670886076 0.09599156118143459 0.03481012658227848 0.2697784810126582 0.08016877637130802 0.08781645569620253
 0.0671219512195122 0.2733658536585366 0.08136585365853659 0.09678048780487805 0.03804878048780488 0.2651707317073171 0.09209756097560975 0.08604878048780487
 0.06967300705278906 0.2831801667022868 0.08142765548194059 0.09510579183586236 0.03718743321222483 0.2686471468262449 0.08484718957042103 0.07993160931823039
 0.0567630680797557 0.1837614514100952 0.05191305909825759 0.2315430213759655 0.03610562241781929 0.1336446919346147 0.05281120890964613 0.2534578767738459
 0.05632267441860465 0.1707848837209302 0.0625 0.2445494186046512 0.02652616279069767 0.1453488372093023 0.05886627906976744 0.2351017441860465
 0.04881141045958796 0.1931854199683043 0.06481774960380349 0.2118858954041205 0.03169572107765452 0.1648177496038035 0.06735340729001585 0.21743264659271
 0.05081157374735357 0.2055986826629028 0.0621030345800988 0.21030345800988 0.02281816043283933 0.1689014349564808 0.05928016937191249 0.2201834862385321
 0.04600200736032118 0.2142857142857143 0.05921712947474072 0.1968885915021746 0.02977584476413516 0.18802275008364 0.06373369019739043 0.2020742723318836
 0.04796828543111992 0.1978196233894945 0.04935579781962339 0.2188305252725471 0.02933597621407334 0.175222993062438 0.05232903865213082 0.2291377601585728
 0.05718370264474625 0.1913867047891351 0.05325232308791994 0.2315939957112223 0.0368120085775554 0.1277698355968549 0.05432451751250893 0.2476769120800572
 0.05452240067624683 0.2043533389687236 0.07037193575655114 0.206043956043956 0.02852916314454776 0.1739222316145393 0.07058326289095519 0.1916737109044801
 0.04868289429809937 0.2080693564521507 0.06002000666888963 0.1965655218406135 0.02934311437145715 0.187729243081027 0.06318772924308103 0.2064021340446816
 0.05947955390334572 0.1982651796778191 0.0644361833952912 0.2116480793060719 0.03172242874845106 0.1625774473358116 0.06517967781908303 0.2066914498141264
 0.06791569086651054 0.3052302888368462 0.06869633099141297 0.09117876658860266 0.0351288056206089 0.2796252927400468 0.07213114754098361 0.08009367681498829
 0.07121705655907611 0.31448030796565 0.06233343204027243 0.07491856677524431 0.03849570624814924 0.2904945217648801 0.068551969203435 0.07950843944329286
 0.07083209066507605 0.3050999105278855 0.07485833581866985 0.08947211452430659 0.03310468237399344 0.2690128243364152 0.07694601849090367 0.08067402326274978
 0.06661828737300435 0.3403483309143687 0.06168359941944847 0.06313497822931785 0.03338171262699564 0.3039187227866473 0.07010159651669086 0.06081277213352685
 0.06649053280493175 0.3163070600322912 0.06458241596947013 0.08498458828709819 0.0365477763099956 0.2879788639365918 0.07089387934830471 0.0722148833113166
 0.07326178254783014 0.3051796546896873 0.07155078550318868 0.08275003888629646 0.04044174832788925 0.268159900451081 0.07326178254783014 0.08539430704619692
 0.07388798581350672 0.3234816018915324 0.06206590808334565 0.07137579429584749 0.03930840845278558 0.2877198167577952 0.06960248263632333 0.07255800206886361
 0.06580984825023227 0.3324558686899969 0.06054506039021369 0.06875193558377207 0.03607928151130381 0.3075255497057913 0.06952616909259833 0.05930628677609167
 0.07549076212471131 0.3340069284064665 0.06625288683602772 0.06379907621247113 0.04402424942263279 0.2973441108545035 0.06841801385681294 0.05066397228637413
 0.07607685156492099 0.3194917880384258 0.06647040594979857 0.07514719553765106 0.04369383328168577 0.2833901456461109 0.06941431670281996 0.06631546327858692
 0.08535992217898833 0.2901264591439689 0.05714980544747082 0.1057879377431907 0.03404669260700389 0.2699416342412451 0.0651750972762646 0.09241245136186771
 0.0902344909468685 0.3084001187295933 0.06530127634312853 0.09765509053131494 0.04392994953992282 0.2653606411398041 0.05817750074205996 0.07094093202730781
 0.07255331871636436 0.3185170420570062 0.06717161650388678 0.09128961530795296 0.03787123779150887 0.2746661351405222 0.05600956747059996 0.08192146701215866
 0.07904007045354469 0.269704975781594 0.06605019815059446 0.1182298546895641 0.03940995156318802 0.2518714222809335 0.0722148833113166 0.1034786437692646
 0.08161746464897048 0.2783428429670057 0.06598858843959315 0.1076655916645994 0.04142892582485735 0.2627139667576284 0.07169436864301662 0.09054825105432895
 0.07435369480668039 0.2903225806451613 0.0626858842370167 0.1278883550674903 0.03523221230839624 0.2493708533516358 0.05444978265843056 0.1056966369251887
 0.08512820512820513 0.2835897435897436 0.05333333333333334 0.1138461538461538 0.04153846153846154 0.2528205128205128 0.06 0.1097435897435897
 0.09136094674556212 0.2506508875739645 0.06840236686390533 0.1450887573964497 0.04142011834319527 0.2241420118343195 0.06698224852071005 0.1119526627218935
 0.08613074204946997 0.2773851590106007 0.06316254416961131 0.1236749116607774 0.04284452296819788 0.2402826855123675 0.05830388692579505 0.1082155477031802
 0.09184782608695652 0.2679347826086956 0.08260869565217391 0.1081521739130435 0.04646739130434783 0.241304347826087 0.06739130434782609 0.09429347826086956
 0.06980802792321117 0.3225130890052356 0.06910994764397906 0.07155322862129145 0.04136125654450262 0.3078534031413613 0.0668411867364747 0.05095986038394416
 0.06228784792939579 0.3053292600135777 0.06228784792939579 0.08112695179904957 0.03462321792260693 0.3109300746775289 0.07009504412763068 0.07331975560081466
 0.07306666666666667 0.2872 0.0832 0.0736 0.052 0.2749333333333333 0.08693333333333333 0.06906666666666667
 0.05626326963906582 0.2726468506723284 0.07254069355980183 0.1247346072186837 0.03007784854918613 0.2521231422505308 0.07837933474876151 0.1132342533616419
 0.07449261992619927 0.2661439114391144 0.07426199261992619 0.1155442804428044 0.0433579335793358 0.2486162361623616 0.07749077490774908 0.1000922509225092
 0.0722147132651091 0.3238076848812512 0.07009075111025294 0.06487738945742422 0.0409345433481367 0.3085537748600116 0.07105618845336938 0.04846495462444488
 0.06388470638847064 0.3286728328672833 0.06409980640998064 0.07291890729189072 0.02882340288234029 0.3097440309744031 0.06194880619488062 0.0699075069907507
 0.06144 0.31456 0.06623999999999999 0.09039999999999999 0.03472 0.28288 0.06288000000000001 0.08688
 0.06173131504257332 0.3027436140018921 0.06646168401135288 0.08207190160832545 0.03784295175023652 0.2973036896877956 0.07119205298013245 0.08065279091769158
 0.06817318647930118 0.3102924420812761 0.07159134067603494 0.07804785415875427 0.03627041397645272 0.2895936194454994 0.06912267375617166 0.07690846942650968
 0.06551814147742104 0.2866092404072044 0.07126076742364917 0.09292612894805534 0.03158444270425476 0.2701644479248238 0.08039676324719394 0.1015400678673975
 0.07123490263741682 0.3076164653684989 0.06384027606605866 0.08257333004683264 0.03648015775203352 0.2906088242543752 0.0660586640374661 0.08158737983731822
 0.07939614201845122 0.2784456248252726 0.06737489516354488 0.09141738887335757 0.04221414593234554 0.2675426334917529 0.07492311993290467 0.09868604976237071
 0.07930459633246011 0.3481781376518219 0.05382233865206001 0.05406049059299833 0.0421528935460824 0.3069778518694927 0.05715646582519648 0.05834722552988807
 0.07458563535911603 0.3143991712707183 0.06837016574585636 0.06111878453038674 0.04713397790055249 0.3062845303867403 0.07354972375690608 0.05455801104972376
 0.06822759315206445 0.2950654582074522 0.06067472306143001 0.09667673716012085 0.03575025176233636 0.2829808660624371 0.05966767371601209 0.100956696878147
 0.07014563106796116 0.2757281553398058 0.06699029126213592 0.09757281553398059 0.03567961165048544 0.2703883495145631 0.07135922330097087 0.1121359223300971
 0.07290233837689133 0.3312700596056855 0.05708390646492435 0.06441999082989454 0.04493351673544246 0.3152223750573132 0.06419073819348922 0.04997707473635947
 0.06985138004246284 0.2774946921443737 0.05774946921443737 0.09341825902335456 0.03885350318471337 0.2779193205944798 0.06454352441613588 0.1201698513800425
 0.05873821609862219 0.3108532753202804 0.05680444766739183 0.09668842156151801 0.02248005801305294 0.2951414068165337 0.06405607928450568 0.09523809523809523
 0.06942463147883975 0.2570137898240609 0.05159296243461722 0.1521635758440323 0.02472658107465526 0.2206371849738469 0.05896338563956253 0.1654778887303852
 0.06792277273784601 0.2619213770644336 0.05419865084903466 0.1453826471272389 0.03372877413351942 0.2223772970458246 0.05605954873226332 0.1584089323098395
 0.06956521739130435 0.2990777338603425 0.05454545454545454 0.1217391304347826 0.02898550724637681 0.2508563899868247 0.05375494071146245 0.1214756258234519
 0.059915164369035 0.243372216330859 0.05779427359490986 0.1709968186638388 0.02226935312831389 0.2097030752916225 0.05805938494167551 0.1778897136797455
 0.06180105944673337 0.2307239552678046 0.06003531489111242 0.1865803413772807 0.01824602707474985 0.190700412007063 0.05208946439081813 0.1998234255444379
 0.06289136945276341 0.1922134494963245 0.04791723386877212 0.2306016879934658 0.02967601415736455 0.1549142390416553 0.04573917778382793 0.2360468282058263
 0.06619060697610546 0.2202691568250481 0.06591595715462785 0.1804449327107937 0.0274649821477616 0.1807195825322714 0.06234550947541884 0.1966492721779731
 0.06475 0.23475 0.0625 0.17775 0.0225 0.19375 0.06425 0.17975
 0.07876175548589341 0.275666144200627 0.05858150470219436 0.129898119122257 0.04153605015673981 0.2307993730407523 0.0603448275862069 0.1244122257053292
 0.06488391376451078 0.236318407960199 0.05348258706467662 0.183665008291874 0.0269485903814262 0.1828358208955224 0.05120232172470979 0.2006633499170813
 0.07774538386783285 0.2686103012633625 0.0565597667638484 0.1319727891156462 0.03926141885325559 0.2322643343051506 0.05461613216715257 0.1389698736637512
 0.07145415472779369 0.2673710601719197 0.05641117478510028 0.1212392550143266 0.03742836676217765 0.2487464183381089 0.05981375358166189 0.1375358166189112
 0.06861340021497671 0.2472232174847725 0.0587603009673952 0.1589036187746327 0.03565030455034038 0.2104980293801505 0.05446076675026872 0.1658903618774633
 0.07389277389277389 0.2599067599067599 0.06666666666666667 0.1221445221445221 0.04452214452214452 0.2282051282051282 0.06317016317016318 0.1414918414918415
 0.07266949152542374 0.2538135593220339 0.06716101694915254 0.1411016949152542 0.03961864406779661 0.2129237288135593 0.06440677966101695 0.1483050847457627
 0.06337294142172191 0.2674588284344382 0.05482593287471337 0.133833646028768 0.03585574317281635 0.2318115488847196 0.05503439649781113 0.1578069626850115
 0.06742756804214223 0.2911325724319578 0.04600526777875329 0.1104477611940299 0.03880597014925373 0.2582967515364354 0.0514486391571554 0.1364354697102722
 0.07079279652245912 0.3264334506313393 0.04967915545435728 0.07472572966259573 0.0358103912233492 0.2974539432829642 0.04988615193541709 0.09521838128751811
 0.06414505751608501 0.3187755897835836 0.0469877169038799 0.09631507116396959 0.03567946968219926 0.2799766036264379 0.04854747514135309 0.1095730161824917
 0.07710738401219777 0.2827270747113919 0.05140492267479852 0.1309082988455674 0.03005881071661947 0.2335003267262034 0.05336527989544761 0.1409279024177739
 0.06550500161342368 0.1952242658922233 0.1006776379477251 0.1461761858664085 0.03097773475314618 0.1958696353662472 0.1019683768957728 0.1636011616650532
 0.07252358490566038 0.1966391509433962 0.09227594339622641 0.1538915094339623 0.03714622641509434 0.1948702830188679 0.1049528301886792 0.1477004716981132
 0.09577754891864057 0.1977342945417096 0.07861311362856162 0.1390319258496396 0.04703055269481634 0.1922416752488843 0.09337452797802952 0.1561963611397185
 0.07322929171668667 0.203781512605042 0.09513805522208883 0.1515606242496999 0.02460984393757503 0.1977791116446579 0.1038415366146459 0.1500600240096038
 0.09410112359550561 0.2075140449438202 0.09866573033707865 0.127808988764045 0.03476123595505618 0.2022471910112359 0.1060393258426966 0.1288623595505618
 0.08842617631151974 0.2038939967550027 0.08464034613304489 0.1325040562466198 0.03948080043266631 0.2038939967550027 0.09167117360735533 0.1554894537587885
 0.0759493670886076 0.189873417721519 0.1022651565622918 0.1485676215856096 0.03297801465689541 0.1908727514990007 0.1105929380413058 0.1489007328447702
 0.08767841538013399 0.1948732886688028 0.1045732595397611 0.1302068161957472 0.03058549373725604 0.1849694145062628 0.1080687445383047 0.1590445674337314
 0.08119383825417202 0.2188703465982028 0.08536585365853659 0.1408857509627728 0.04300385109114249 0.2002567394094994 0.09691912708600771 0.1335044929396662
 0.08923643054277829 0.197178779515486 0.08984973934375959 0.1422876418276602 0.04507819687212512 0.1919656547071451 0.1036491873658387 0.140754369825207
 0.08301526717557252 0.3136927480916031 0.08444656488549618 0.03936068702290076 0.0512881679389313 0.3015267175572519 0.08277671755725191 0.04389312977099236
 0.09947826086956522 0.3161739130434782 0.07095652173913043 0.04730434782608696 0.05217391304347826 0.2935652173913044 0.07304347826086957 0.04730434782608696
 0.08747721947409529 0.3051288726894038 0.08070814891955221 0.0492059359541786 0.05128872689403801 0.2949752668575892 0.08357198646185889 0.04764384274928404
 0.08185172760818517 0.3102985575310299 0.08319355920831936 0.06239516940623951 0.04025494800402549 0.2754109359275411 0.08352901710835291 0.0630660852063066
 0.08141321044546851 0.3241167434715822 0.07834101382488479 0.05337941628264209 0.03456221198156682 0.3003072196620584 0.08141321044546851 0.04646697388632873
 0.1071428571428571 0.3452380952380952 0.07783882783882784 0.0402930402930403 0.03434065934065934 0.2912087912087912 0.07142857142857142 0.03250915750915751
 0.07589682774977764 0.3065520308330863 0.0735250518825971 0.05899792469611622 0.04506374147643048 0.3035873109991106 0.07975096353394605 0.05662614882893566
 0.09496567505720824 0.3142639206712433 0.07971014492753623 0.04424103737604882 0.05263157894736842 0.3089244851258581 0.07513348588863462 0.03012967200610221
 0.1005199306759099 0.3223570190641248 0.07885615251299827 0.03769497400346621 0.0402946273830156 0.3032928942807626 0.08015597920277297 0.03682842287694974
 0.09602104570864847 0.3232489312726077 0.08451167379151595 0.04965471884248603 0.04176257809930944 0.278526800394607 0.08188096021045708 0.0443932916803683
 0.05690814040328603 0.3504107542942494 0.04421209858103062 0.08125466766243465 0.03166542195668409 0.3135175504107543 0.04286781179985064 0.07916355489171023
 0.05200945626477541 0.3472396050618829 0.05034070365734947 0.0624391600611876 0.02795160617438465 0.3345848977889028 0.05492977332777083 0.07050479766374634
 0.05928444707273803 0.3492016558249557 0.05366646954464814 0.06475458308693081 0.02986398580721467 0.323772915434654 0.05529272619751626 0.0641632170313424
 0.05072556825478362 0.3667651213561063 0.05226659817644792 0.05342237061769616 0.02940798767176063 0.3473738281751637 0.04969821497367407 0.05034031077436753
 0.05085200590366296 0.3787736481953576 0.0507178317456058 0.04052059573326178 0.02911579229840333 0.3637461424929558 0.04924191600697705 0.03703206762377566
 0.04891142260662094 0.3581866984789741 0.04831494184312556 0.07127945123769758 0.02654339397554429 0.3317924246943036 0.04801670146137787 0.0669549657023561
 0.05129488302264482 0.3770799449518328 0.04666583260352809 0.05079444513949706 0.02727386463155261 0.3518078318528713 0.04679094207431503 0.04829225572375829
 0.05287319930346684 0.3802437866075669 0.0490739274972297 0.04384992876365363 0.03118568940952984 0.3550736108912458 0.04812410954567041 0.03957574798163685
 0.05469882694081982 0.3782786345063925 0.05021747726374061 0.04138658231184922 0.03361012257809411 0.3534994068801898 0.04850402003426914 0.03980492948464479
 0.05261295269552908 0.377727969800637 0.05497227792851245 0.03385631709331131 0.02960953167394125 0.3607408281231568 0.05308481774212575 0.03739530494278636
 0.04996600951733515 0.3240992522093813 0.05336505778382053 0.08225696804894629 0.0336505778382053 0.3271583956492182 0.05965329707681849 0.06985044187627465
 0.05930285196921684 0.3358985966500679 0.05862381167949298 0.06066093254866455 0.03983703033046627 0.32571299230421 0.06360344047080127 0.05636034404708012
 0.05633802816901409 0.3510748702742773 0.05233506300963676 0.06434395848776872 0.02935507783543365 0.3361008154188287 0.05604151223128243 0.05441067457375834
 0.06033519553072626 0.3466480446927374 0.05363128491620112 0.05837988826815643 0.03463687150837989 0.338268156424581 0.06089385474860335 0.04720670391061452
 0.06318471337579618 0.3793630573248408 0.04764331210191083 0.04713375796178344 0.03515923566878981 0.3368152866242038 0.05095541401273886 0.03974522292993631
 0.06680476437079233 0.3373036423269463 0.05334023821853962 0.05489383738995339 0.03780424650440187 0.3390298636285172 0.05955463490419472 0.05126877265665458
 0.06166529266281946 0.3302555647155812 0.06479802143446002 0.05292662819455894 0.04237427864798021 0.3239901071723001 0.06628194558944765 0.05770816158285243
 0.05895601483836778 0.3533386327503975 0.04954954954954955 0.05498145204027557 0.03630100688924218 0.3430047694753577 0.05034446210916799 0.05352411234764176
 0.06525911708253358 0.35543535159658 0.04972954109230501 0.0478101552957599 0.04379689408480195 0.3426976094922352 0.05374280230326296 0.04152852905252138
 0.06188340807174888 0.3616143497757848 0.05237668161434977 0.05345291479820628 0.03910313901345291 0.3321973094170403 0.05775784753363229 0.04161434977578475
 0.05902249281244715 0.3039066463723998 0.05817689835954676 0.1136478944698123 0.02841197361745307 0.2602739726027397 0.06122103838998816 0.115339083375613
 0.06761339550657058 0.2691818567189487 0.05616786774056804 0.1318355235269182 0.03264094955489615 0.2467147096227215 0.06040695209834675 0.1354387452310301
 0.0578956802294318 0.2803369779530382 0.06237677003047141 0.1252912708370676 0.02670729521419609 0.2564975802115074 0.06345223158272091 0.1274421939415666
 0.05861182519280206 0.3077977720651243 0.05792630676949443 0.1112253641816624 0.02776349614395887 0.2658097686375321 0.06135389888603256 0.1095115681233933
 0.05972323379461034 0.2991624180626365 0.06664238892935179 0.09322651128914786 0.03641660597232338 0.2825928623452294 0.07010196649672251 0.09213401310997815
 0.06578688201693914 0.2976167027772306 0.05928698050029545 0.1181800275753398 0.0309237738822139 0.2592081938152452 0.05948394721292102 0.1095134922198149
 0.06475063398140321 0.3053254437869822 0.06306001690617075 0.1103972950126796 0.02738799661876585 0.2674556213017751 0.06306001690617075 0.0985629754860524
 0.06785519374204112 0.284882663270875 0.06148808440967801 0.1071493541931963 0.03711115153720211 0.2614153174458796 0.06549026741859196 0.1146079679825359
 0.06595233696656198 0.3192314797709219 0.06077960465545908 0.09310918159985221 0.03085165342693516 0.2832070940328838 0.0624422686125993 0.08442638093478662
 0.07381413359148112 0.2962245885769603 0.0617134559535334 0.1035818005808325 0.03412391093901258 0.2623426911907067 0.06292352371732816 0.1052758954501452
 0.06291118421052631 0.1990131578947368 0.06928453947368421 0.1722861842105263 0.03474506578947369 0.2039473684210526 0.07401315789473684 0.1837993421052632
 0.04963015986638034 0.2658076831305178 0.06394655213552851 0.1522309711286089 0.03674540682414698 0.2261989978525412 0.08208064900978287 0.1233595800524934
 0.05842607313195548 0.1911764705882353 0.06657392686804452 0.1866057233704292 0.02921303656597774 0.1822337042925278 0.07531796502384738 0.2104531001589825
 0.05331146196432233 0.2577404141890506 0.06294853393479598 0.1431207709657576 0.0319868771785934 0.2403116670084068 0.07238056182079147 0.1381997129382817
 0.0683629675045984 0.1701410177805028 0.0683629675045984 0.1974248927038627 0.03034947884733293 0.167381974248927 0.08369098712446352 0.2142857142857143
 0.06040268456375839 0.1919463087248322 0.05530201342281879 0.2002684563758389 0.03302013422818792 0.1785234899328859 0.07248322147651007 0.2080536912751678
 0.06323996534796419 0.2145538550389836 0.06208489748772741 0.1758590817210511 0.03782847242275484 0.1992492058908461 0.07536817788045047 0.1718163442102223
 0.0644880174291939 0.2474945533769063 0.06230936819172114 0.1468409586056645 0.02788671023965142 0.2418300653594771 0.06710239651416122 0.1420479302832244
 0.05929667040778152 0.2686120463898242 0.05836139169472503 0.1270108492330715 0.03591470258136925 0.2579498690609802 0.07781518892630004 0.1150392817059484
 0.06328125 0.2203125 0.06588541666666667 0.1697916666666667 0.03567708333333333 0.2109375 0.07656250000000001 0.1575520833333333
 0.0696774193548387 0.3460645161290323 0.06322580645161291 0.0327741935483871 0.04103225806451613 0.3349677419354839 0.06709677419354838 0.04516129032258064
 0.07439577039274925 0.3432779456193353 0.0634441087613293 0.03398791540785499 0.04852719033232628 0.3306268882175227 0.07496223564954682 0.03077794561933535
 0.06212331942512749 0.3643949930458971 0.05516921650440427 0.03314789058878071 0.04265183124710246 0.3611497450162263 0.06096430227167362 0.02039870190078813
 0.06237957610789981 0.3973988439306358 0.04359344894026975 0.01878612716763006 0.03564547206165703 0.3759633911368016 0.04816955684007707 0.0180635838150289
 0.06538734896943853 0.3835583984837716 0.05330490405117271 0.02155887230514096 0.03601042407012556 0.3648424543946932 0.05543710021321962 0.01990049751243781
 0.06963292547274749 0.3546162402669633 0.06073414905450501 0.03136818687430478 0.04048943270300333 0.3370411568409344 0.07030033370411569 0.03581757508342603
 0.06346153846153846 0.3447115384615385 0.06009615384615385 0.02836538461538462 0.0375 0.3649038461538461 0.07235576923076924 0.02860576923076923
 0.0619819140919367 0.3912961567445365 0.04163526752072343 0.01827430293896006 0.03993971363978899 0.3703843255463452 0.05727204220045215 0.01921627731725697
 0.06017666543982333 0.3770702981229297 0.04913507545086492 0.01950680898049319 0.03717335296282664 0.3634523371365477 0.05944055944055944 0.0340449024659551
 0.05518925518925519 0.3931623931623932 0.0402930402930403 0.02637362637362637 0.03223443223443224 0.3692307692307693 0.05396825396825397 0.02954822954822955
 0.0475394171046345 0.2049689440993789 0.05709507883420927 0.2075967510750119 0.01720019111323459 0.1817964644051601 0.06163401815575729 0.2221691352126135
 0.05643496214728148 0.1821518696948841 0.07455838495067676 0.1858224363386098 0.02477632484514797 0.183987153016747 0.07822895159440238 0.2140399174122505
 0.04876814039824502 0.1935538305771178 0.0600742490718866 0.1898413769827877 0.028518393520081 0.2094161322983463 0.07019912251096862 0.199628754640567
 0.05164319248826291 0.2367105860972285 0.06133575647432985 0.1718915644404059 0.02135393003180373 0.2256550053006209 0.06572769953051644 0.1656822656368317
 0.05333556261494733 0.2959371342584852 0.06437050660424679 0.1172044808560441 0.02658418324694867 0.2785487376692861 0.06186256478849691 0.1021568299615449
 0.05302491103202847 0.2274021352313167 0.05658362989323843 0.1832740213523132 0.02846975088967971 0.198932384341637 0.0601423487544484 0.1921708185053381
 0.06187548039969255 0.2058032282859339 0.06341275941583398 0.1754419677171407 0.02920830130668716 0.2061875480399692 0.0649500384319754 0.1931206764027671
 0.06414879483773012 0.2228126779275005 0.06225090149933574 0.1537293604099449 0.03321313342190169 0.224330992598216 0.06661605617764281 0.1728980831277282
 0.05688840421664849 0.2317339149400218 0.05216284987277354 0.1712104689203926 0.02435478007997092 0.2231915667030171 0.05525263540530716 0.1852053798618684
 0.04796202324439352 0.2270420690784089 0.06187592077263054 0.1677852348993289 0.02782779505647405 0.2267146832542151 0.06351284989359961 0.1772794238009494
 0.078536847767617 0.1993006993006993 0.05970952124798279 0.1888111888111888 0.04088219472834857 0.1651425497579344 0.05836471221086606 0.2092522861753631
 0.07755102040816327 0.1636363636363636 0.06716141001855287 0.2007421150278293 0.03784786641929499 0.1562152133580705 0.07680890538033396 0.2200371057513915
 0.08532778355879292 0.1706555671175858 0.06659729448491156 0.1945889698231009 0.0419701699618453 0.1411723898716615 0.06902532084634062 0.2306625043357614
 0.07456140350877193 0.1565096952908587 0.06024930747922438 0.2158356417359187 0.03554939981532779 0.1537396121883657 0.07502308402585411 0.2285318559556787
 0.06288398988073726 0.1601011926273943 0.06794362125045175 0.2175641488977232 0.02927358149620528 0.1438380917961691 0.07770148174918684 0.2406938923021323
 0.06173218673218673 0.1630835380835381 0.06203931203931204 0.2331081081081081 0.02794840294840295 0.1523341523341523 0.06296068796068796 0.2367936117936118
 0.06949524506217995 0.1799561082662765 0.06730065837600585 0.2154352596927579 0.0296269202633504 0.1561814191660571 0.07351865398683248 0.2084857351865399
 0.06892922915022362 0.1946856090502499 0.04656669297553275 0.2044198895027624 0.03499079189686925 0.1731123388581952 0.06235201262825572 0.2149434359379111
 0.08028720626631854 0.1429503916449086 0.05058746736292428 0.2529373368146214 0.03590078328981723 0.1135770234986945 0.04634464751958225 0.2774151436031332
 0.06805987009319402 0.1640779440835922 0.06467099689353289 0.2247952555775205 0.02400451849759955 0.1426150804857385 0.06693024569330698 0.2448460886755154
 0.04199170124481328 0.2366804979253112 0.09161825726141079 0.1402489626556017 0.02390041493775934 0.2267219917012448 0.09493775933609959 0.1439004149377593
 0.05942102590147283 0.239461655662773 0.08887760284408329 0.1193499238191976 0.02412392077196546 0.2295581513458609 0.09421025901472829 0.1449974606399188
 0.04482918534549389 0.2459421858092441 0.0842479517699799 0.1326325552635647 0.02566084402535168 0.2320296800123667 0.08996753748647396 0.1446900602875251
 0.05550220856539274 0.242173996543115 0.07816400998655657 0.1288649894372959 0.02746303053581717 0.2404455540618398 0.08162089494910697 0.1457653159208757
 0.04741019214703425 0.2700501253132832 0.08145363408521303 0.1015037593984962 0.02694235588972431 0.277360066833751 0.08751044277360066 0.1077694235588972
 0.05348428655084912 0.2641030646105798 0.0851063829787234 0.1083349599843842 0.0259613507710326 0.2644934608627757 0.09115752488776108 0.1073589693538942
 0.05092424791591156 0.2519028633562885 0.08753171438927147 0.1292134831460674 0.02392171076476984 0.2504530627038782 0.08843783979702791 0.1176150779267851
 0.0641025641025641 0.2357404500261643 0.09366823652537938 0.1329147043432758 0.02616431187859759 0.228152799581371 0.09026687598116169 0.1289900575614861
 0.05801225919439579 0.2467162872154116 0.09719789842381786 0.1057355516637478 0.02780210157618214 0.2565674255691769 0.09938704028021016 0.1085814360770578
 0.05993076590220683 0.2765036780614453 0.07810471657291215 0.1163998269147555 0.02163565556036348 0.2442665512765037 0.08221549112938122 0.1209433145824318
 0.07210084033613445 0.2739495798319328 0.06554621848739496 0.1121008403361344 0.03848739495798319 0.2411764705882353 0.06369747899159664 0.1329411764705882
 0.08418167580266249 0.2554815974941269 0.07380579483163664 0.1176585747846515 0.0379796397807361 0.2047768206734534 0.06949882537196554 0.1566170712607674
 0.08493723849372385 0.2579497907949791 0.07698744769874477 0.1096234309623431 0.04435146443514645 0.2115062761506276 0.07761506276150627 0.1370292887029289
 0.08022462896109106 0.2380665864420377 0.06678700361010831 0.139189731247493 0.03870838347372643 0.1993582029683113 0.0762133975130365 0.1614520657841957
 0.08474915050969418 0.2634419348390966 0.06735958424945034 0.1147311613032181 0.04217469518289026 0.2174695182890266 0.07375574655206876 0.1363182090745553
 0.07345025177982288 0.2674075360305609 0.06511547143601319 0.1161660010418475 0.04341031429067546 0.2430977600277826 0.06129536377843375 0.1300573016148637
 0.06858531115679312 0.2784526256774434 0.06223135862455616 0.09904690712016445 0.03868435806391329 0.2732199588861895 0.06709026350214913 0.1126892169687909
 0.07381311860426103 0.2591847005535984 0.0754906894816306 0.1217916456970307 0.03539674551249791 0.2083543029693005 0.07532293239389364 0.1506458647877873
 0.08514808362369337 0.263719512195122 0.06010452961672474 0.1212979094076655 0.04551393728222997 0.2179878048780488 0.05966898954703833 0.1465592334494774
 0.07104757840836357 0.2193300618732665 0.07595476850864093 0.1587369319394069 0.03584382334115639 0.1851930872626414 0.07296778323021122 0.1809259654363132
 0.06628069474945099 0.1694949091635057 0.0471151926532242 0.2477540427230984 0.02615292473547614 0.1497304851267718 0.05210620882411659 0.2413655420243562
 0.0675787728026534 0.1266583747927031 0.05451907131011609 0.2798507462686567 0.03959369817578773 0.1040630182421227 0.05099502487562189 0.2767412935323383
 0.07365126127784938 0.1502485730068127 0.06794328852881605 0.2467317252807954 0.03240655496225373 0.1156324802062235 0.06536549438409132 0.2480206223531578
 0.06986100950987564 0.1486832479882955 0.06620336503291881 0.2362838332114119 0.03584491587417703 0.1276517922457937 0.06656912948061448 0.2489027066569129
 0.06407900780891135 0.1768488745980707 0.05397335783187873 0.223242994947175 0.03054662379421222 0.1573265962333486 0.05672944418925126 0.237253100597152
 0.06643685365089314 0.1805076778439361 0.04810404261986838 0.2248511438420558 0.03556878721403949 0.1703227828267001 0.05170792854904419 0.2225007834534629
 0.05657805044308112 0.1638264030902068 0.06134969325153374 0.2485798682117701 0.02522154055896387 0.137468757100659 0.05748693478754829 0.2494887525562372
 0.07999247129681912 0.1116130246565029 0.06098249576510446 0.2755505364201016 0.03162055335968379 0.09053265575004706 0.05533596837944664 0.2943722943722944
 0.08022504688476766 0.1496145030214628 0.05730360491769119 0.2344238382996457 0.03834132110856429 0.1352365076057512 0.06418003750781413 0.240675140654303
 0.07995558023320377 0.1151212289468814 0.05052748473070516 0.2694799185637609 0.03535073107532852 0.1079030168424949 0.05145289653895984 0.2902091430686656
 0.04888813444236972 0.2113393311831608 0.06908843999320999 0.1838397555593278 0.02240706161941945 0.1936852826345273 0.08029197080291971 0.1904600237650654
 0.06091846298031865 0.1878163074039363 0.07029053420805999 0.1878163074039363 0.02586691658856607 0.1760074976569822 0.07947516401124649 0.2118088097469541
 0.05562815008400224 0.2070188538361023 0.07261526974052641 0.1749113309688258 0.0248273287287661 0.1939518387156991 0.0744819861862983 0.1965652417397797
 0.05513040762142746 0.2270810557551148 0.07074808683429643 0.1586756208027487 0.03076682804935187 0.2147430891769483 0.0830860534124629 0.1597688583476495
 0.04975461160940937 0.1963107124724996 0.07293958368590286 0.1893721441868337 0.01844643763750212 0.1866644102216957 0.07987815197156879 0.2066339482145879
 0.06283836040216551 0.2001160092807425 0.07018561484918794 0.1769141531322506 0.02880897138437742 0.1838747099767981 0.08139984532095901 0.195862335653519
 0.06672678088367899 0.2215960324616772 0.06131650135256989 0.1731289449954914 0.0263751127141569 0.1988277727682597 0.07777276825969341 0.1742560865644725
 0.06061129338628907 0.2061820065619064 0.07874287687791401 0.1618027974443101 0.02642030737351062 0.1958211017095493 0.08254187532377828 0.1878777413227422
 0.06764995083579155 0.2092428711897738 0.06922320550639134 0.1703048180924287 0.02674532940019666 0.1878072763028515 0.07925270403146509 0.1897738446411013
 0.05807341030501464 0.2119593313803205 0.07375495433396519 0.16905049112528 0.03084611407892469 0.1959331380320524 0.08530070653110459 0.1750818542133379
 0.07316350710900474 0.2265995260663507 0.06575829383886256 0.1406990521327014 0.03732227488151658 0.2132701421800948 0.08175355450236967 0.1614336492890995
 0.04690603514132926 0.2377387318563789 0.04094728800611153 0.1874713521772345 0.02627960275019098 0.212070282658518 0.03957219251336899 0.2090145148968678
 0.05634535367545077 0.2526005547850208 0.05738557558945909 0.1484049930651872 0.03016643550624133 0.2397711511789182 0.06553398058252427 0.1497919556171983
 0.05551232166018158 0.2622568093385214 0.05758754863813229 0.1434500648508431 0.02697795071335927 0.2399481193255512 0.06744487678339818 0.146822308690013
 0.0499457111834962 0.1946254071661238 0.05971769815418024 0.1845819761129207 0.02062975027144408 0.2081976112920738 0.07654723127035831 0.2057546145494028
 0.05380298045287401 0.1823108186568609 0.0547706599574221 0.2272111476678924 0.02496613121734082 0.1650861234759048 0.05554480356106058 0.2363073350106445
 0.05548795327330251 0.1910440496471161 0.05621805792163544 0.1961547821854466 0.03212460452664882 0.1966415186176685 0.06497931370163057 0.2073497201265515
 0.05774188004811823 0.2390445093658704 0.06014779171678983 0.1508850317924042 0.03282350919401959 0.2277023543564186 0.06650627255542189 0.1651486509709572
 0.05233644859813084 0.205981308411215 0.05738317757009346 0.1779439252336449 0.0297196261682243 0.2106542056074766 0.06411214953271029 0.2018691588785047
 0.04730229120473023 0.2291204730229121 0.05296871150529687 0.1692535107169253 0.02389751170238975 0.216309435821631 0.06183789110618379 0.199310174919931
 0.07095610342754059 0.1475245540188415 0.06554419723391461 0.2118661054319503 0.03868510723591902 0.1461214672279014 0.06634596111445179 0.2529565043094809
 0.07725199543899658 0.1630558722919042 0.06898517673888255 0.2163625997719498 0.02679589509692132 0.1522234891676169 0.06898517673888255 0.2263397947548461
 0.07478448275862069 0.1663793103448276 0.07521551724137931 0.2127155172413793 0.03125 0.1456896551724138 0.06875000000000001 0.2252155172413793
 0.07416945660571723 0.1668812773628638 0.07597218645377285 0.206283801184651 0.03991758949266031 0.1509142415657996 0.0695338655678599 0.2163275817666752
 0.07898172323759792 0.1503481288076588 0.06614447345517842 0.2238903394255875 0.03198433420365535 0.1436031331592689 0.0654917319408181 0.239556135770235
 0.08596713021491782 0.1583438685208597 0.07300884955752213 0.188685208596713 0.05025284450063211 0.1526548672566372 0.0752212389380531 0.215865992414665
 0.07424006235385815 0.1660171473109899 0.06780982073265783 0.2123928293063133 0.03897116134060795 0.1535463756819953 0.06391270459859703 0.2231098986749805
 0.08144796380090498 0.1891402714932127 0.07171945701357466 0.1631221719457014 0.03506787330316742 0.198868778280543 0.07239819004524888 0.1882352941176471
 0.0682720953326713 0.1926514399205561 0.06256206554121152 0.2028301886792453 0.03003972194637537 0.1740317775571003 0.0605759682224429 0.2090367428003972
 0.07470725995316159 0.1526932084309134 0.07915690866510539 0.2044496487119438 0.04121779859484778 0.156440281030445 0.06814988290398126 0.2231850117096019
 0.05776299667425171 0.2674601785401715 0.06546472956415193 0.1239278837738491 0.03150708909504638 0.2440049011027481 0.07229126553474531 0.1375809557150359
 0.05429141716566866 0.2798403193612775 0.06786427145708583 0.1149700598802395 0.03592814371257485 0.2652694610778443 0.07584830339321358 0.1059880239520958
 0.06597510373443984 0.2778008298755187 0.06535269709543569 0.1236514522821577 0.03195020746887967 0.2477178423236515 0.06307053941908713 0.1244813278008299
 0.06697459584295612 0.2340261739799846 0.07313317936874519 0.1352322299204516 0.03181934821657685 0.2283808057480113 0.07364639466256094 0.1567872722607134
 0.05603100274503472 0.2452769255611174 0.07718391732601323 0.1409656063297271 0.03342483449055385 0.2246084288713063 0.07750686258679154 0.1450024220894558
 0.06069364161849711 0.2476517341040463 0.06665462427745665 0.1477601156069364 0.03305635838150289 0.224349710982659 0.06791907514450866 0.1519147398843931
 0.05145958083832335 0.2732035928143712 0.06287425149700598 0.1150823353293413 0.02713323353293413 0.2683383233532934 0.06511976047904192 0.1367889221556886
 0.06531531531531531 0.2427606177606177 0.07368082368082368 0.1510617760617761 0.03265765765765766 0.2171814671814672 0.07191119691119691 0.1454311454311454
 0.05566388938131537 0.248714766885304 0.07374578975358979 0.145896117709626 0.03403651834781067 0.2277964899840454 0.0675412160964368 0.146605211841872
 0.06487257173409375 0.2496881126358938 0.06112992336481911 0.1409730885760114 0.03279272856888255 0.2441632507574407 0.06344680092675102 0.1429335234361077
 0.05282917672298203 0.1804773397693752 0.06838294448913917 0.1847680343255564 0.03137570394207562 0.1938857602574417 0.07455081791364977 0.2137302225797801
 0.05419198055893074 0.1647630619684083 0.07654921020656136 0.2077764277035237 0.03645200486026731 0.1511543134872418 0.07582017010935602 0.2332928311057108
 0.06685540069686412 0.218205574912892 0.06424216027874564 0.1644163763066202 0.03680313588850175 0.1996951219512195 0.0666376306620209 0.1831445993031359
 0.06351689612015018 0.1880475594493116 0.0597622027534418 0.1933667083854818 0.0344180225281602 0.1827284105131414 0.0697747183979975 0.2083854818523154
 0.06255110384300899 0.222812755519215 0.06152902698282911 0.1657808667211774 0.03495502861815208 0.2035977105478332 0.06766148814390842 0.1811120196238757
 0.05989773557341125 0.1458485512539567 0.06890674458242026 0.2252252252252252 0.03603603603603604 0.1453615777940102 0.07231555880204529 0.246408570732895
 0.06422413793103449 0.1991379310344828 0.05646551724137931 0.1890086206896552 0.0375 0.1875 0.06594827586206897 0.2002155172413793
 0.06591865357643759 0.1526414212248714 0.06194483403459561 0.2255726975222066 0.03366058906030855 0.148901355773726 0.06521739130434782 0.2461430575035063
 0.0627475505524286 0.1978319783197832 0.06295601417552638 0.1974150510735877 0.03356264331874088 0.1803210339795706 0.06545757765269961 0.1997081509276631
 0.05059602649006623 0.2087417218543046 0.07443708609271524 0.1711258278145695 0.02066225165562914 0.2116556291390728 0.08423841059602649 0.1785430463576159
 0.08966376089663761 0.2794520547945206 0.08119551681195517 0.06550435865504359 0.05404732254047322 0.289414694894147 0.09016189290161893 0.05056039850560398
 0.1034263959390863 0.2671319796954315 0.07455583756345177 0.07296954314720812 0.05774111675126904 0.2693527918781726 0.08946700507614214 0.06535532994923858
 0.08564370024704913 0.2898709854515509 0.07905572330496843 0.07329124348064782 0.05462530881141916 0.2794400219599231 0.08427120505078232 0.05380181169365907
 0.08673577321768564 0.3063253649248995 0.07510048656653269 0.04971440660038079 0.05500317325999577 0.3065369155912841 0.08102390522530147 0.03955997461392003
 0.1009681881051176 0.2950668510834486 0.06454587367450439 0.05855232826187183 0.05670816044260028 0.297372060857538 0.08252650991240203 0.04426002766251729
 0.08092748351898159 0.2952943850875199 0.07274380541032052 0.06933393953171176 0.0488747442600591 0.2959763582632416 0.08479199818140487 0.05205728574676063
 0.080018395033341 0.2897217751207174 0.07059094044607955 0.07587951253161647 0.04345826626810761 0.3005288572085537 0.08599678086916533 0.05380547252241895
 0.08051310043668122 0.2912117903930131 0.08024017467248909 0.06304585152838428 0.05403930131004367 0.2876637554585153 0.09252183406113537 0.05076419213973799
 0.08093070308548306 0.2936267071320182 0.07713707637835104 0.06474456246838645 0.04324734446130501 0.2986848760748609 0.09155285786545271 0.05007587253414264
 0.09304932735426009 0.2858744394618834 0.07034753363228699 0.06446188340807175 0.04960762331838565 0.3004484304932735 0.08464125560538116 0.0515695067264574
 0.07065333049585018 0.3055969355181953 0.0587359012555863 0.0821451372632475 0.03766758884869121 0.3017663332623963 0.07810172377101511 0.06533304958501809
 0.07452454666076958 0.2998673153471915 0.06236178681999115 0.09287925696594428 0.04312251216275984 0.2863777089783281 0.07098628925254312 0.06988058381247236
 0.06843764070238631 0.3061683926159388 0.06325979288608735 0.07158937415578569 0.03782080144079244 0.2973885637100405 0.07361548851868528 0.08171994597028366
 0.08638906152889994 0.2973896830329397 0.0689869484151647 0.09571162212554382 0.03293971410814171 0.2728402734617775 0.0870105655686762 0.05873213175885644
 0.0651893287435456 0.291092943201377 0.06863166953528399 0.100473321858864 0.03119621342512909 0.2712994836488812 0.08111015490533563 0.09100688468158348
 0.05989761092150171 0.3363481228668942 0.04761092150170648 0.0689419795221843 0.03600682593856655 0.3295221843003413 0.05870307167235495 0.06296928327645052
 0.06184866334390576 0.3581785228817399 0.05527865881286815 0.04825555052106933 0.03828726778432261 0.330992297236067 0.05709107385591301 0.05006796556411418
 0.05994962216624685 0.3488664987405541 0.04861460957178841 0.05314861460957179 0.03249370277078086 0.3317380352644836 0.05415617128463476 0.07103274559193955
 0.05714285714285714 0.3251082251082251 0.05800865800865801 0.07056277056277056 0.03203463203463203 0.3257575757575757 0.07251082251082251 0.05887445887445888
 0.07122869498855253 0.3347748664461969 0.05494785041974053 0.06919358941745103 0.04070211142203002 0.3052658356652251 0.05927244975833122 0.06461460188247266
 0.05490988714839144 0.2514738083207007 0.05103587670540677 0.1408118578406603 0.02863399023075627 0.2604008758632306 0.05996294424793667 0.1527707596429173
 0.06212089521020707 0.2545492574775152 0.05584605731018615 0.1399288851704664 0.03702154361012341 0.2518301610541728 0.06023844384020079 0.1384647563271282
 0.06042486231313926 0.2596380802517703 0.05145554681353265 0.1392604248623131 0.03509047993705743 0.2541306058221873 0.06042486231313926 0.1395751376868608
 0.05830056419900838 0.2882544024619593 0.04855530859976064 0.1321593434775175 0.03094546076252351 0.258334758078304 0.05624893144127201 0.1272012309796546
 0.04761904761904762 0.2924144532184733 0.0449868389566882 0.1270638908829864 0.02584350323043791 0.2708782005264417 0.06389088298636038 0.1273031825795645
 0.06472684085510688 0.2666270783847981 0.05839271575613619 0.1391528107680127 0.02830562153602533 0.2456452889944576 0.06433095803642122 0.132818685669042
 0.05282062117050496 0.2926262412845975 0.05197549123177689 0.1189520388759772 0.03042467779421086 0.2750897950559898 0.06084935558842172 0.117261778998521
 0.05273177232057872 0.2701313535122787 0.05235103750237959 0.1319246145059966 0.02493813059204264 0.2566152674662098 0.0618694079573577 0.1494384161431563
 0.04847731510254816 0.269939921276155 0.04785581106277191 0.1182929355707479 0.02693184172363787 0.2796768178993164 0.06215040397762586 0.146674953387197
 0.06083650190114068 0.2999049429657795 0.05156844106463878 0.1138307984790874 0.03041825095057034 0.2818441064638783 0.05822243346007604 0.1033745247148289
 0.06448345712356515 0.2069547602970966 0.06212018906144497 0.1674544226873734 0.0337609723160027 0.2025658338960162 0.07258609047940581 0.1900742741390952
 0.06123367852318776 0.2327780279153535 0.06888788833858622 0.1368752814047726 0.02836560108059433 0.2278253039171544 0.09680324178298064 0.1472309770373706
 0.05894736842105263 0.2270676691729323 0.07187969924812031 0.1209022556390977 0.02796992481203008 0.2493233082706767 0.09022556390977443 0.1536842105263158
 0.06253243383497664 0.1940840685002595 0.07317073170731707 0.1523092890503373 0.02698495070057083 0.2122470160871822 0.1011935651271406 0.1774779449922159
 0.06472222222222222 0.2194444444444444 0.07055555555555555 0.1327777777777778 0.04166666666666666 0.2258333333333333 0.08861111111111111 0.1563888888888889
 0.05901856763925729 0.2211538461538461 0.07062334217506631 0.1180371352785146 0.03315649867374006 0.2513262599469496 0.09018567639257294 0.1564986737400531
 0.06026666666666667 0.228 0.06693333333333333 0.1357333333333333 0.03066666666666666 0.24 0.08773333333333333 0.1506666666666667
 0.06801365964712579 0.2214001138303927 0.0520774046670461 0.1454183266932271 0.03528742174160501 0.2256687535571998 0.08622652248150256 0.165907797381901
 0.06726457399103139 0.242152466367713 0.07174887892376682 0.1207312866505692 0.03449465332873405 0.2345636426353915 0.08899620558813384 0.1400482925146602
 0.06701771182383916 0.2398276687410244 0.0617520344662518 0.1026807084729536 0.03494494973671614 0.2642412637625658 0.09023456199138344 0.1393011010052657
 0.072562858403176 0.2287163652404058 0.0670489633877371 0.1638729598588443 0.03440670489633877 0.2009263343625937 0.06837229819144243 0.1640935156594618
 0.07642276422764227 0.2230894308943089 0.07804878048780488 0.1557723577235772 0.03056910569105691 0.1951219512195122 0.07056910569105691 0.1704065040650407
 0.07180500658761528 0.2045454545454546 0.07971014492753623 0.1604084321475626 0.02865612648221344 0.208498023715415 0.0813570487483531 0.1650197628458498
 0.07959479015918958 0.2092619392185239 0.06309696092619392 0.1646888567293777 0.03270622286541244 0.1921852387843705 0.07930535455861071 0.1791606367583213
 0.07296351824087956 0.2421289355322339 0.06421789105447276 0.1711644177911044 0.03523238380809595 0.1879060469765118 0.06671664167916042 0.1596701649175412
 0.0737025730484082 0.2511993022241605 0.07064980375054514 0.1397732228521587 0.03772350632359354 0.2171827300479721 0.06737897950283471 0.1423898822503271
 0.08061472094904287 0.1846858991641952 0.07791857643569695 0.1887301159342141 0.03747640873550823 0.1744405500134807 0.06605554057697492 0.190078188190887
 0.07848220598633043 0.2104642941315107 0.06245580956870139 0.1701626207871789 0.03700212114070233 0.194673580014141 0.06339853876973839 0.1833608296016969
 0.08047619047619048 0.1847619047619048 0.07690476190476191 0.1876190476190476 0.03976190476190476 0.1604761904761905 0.07428571428571429 0.1957142857142857
 0.08269930532583526 0.1892160105855111 0.06913661925239828 0.1938471716837579 0.03043334435990738 0.1663910023155805 0.0724445914654317 0.1958319550115779
 0.04956815621479534 0.2377018400300413 0.08411565903116786 0.1430717236199775 0.03173113030416823 0.2228689447990988 0.08336462636124671 0.1475779196395043
 0.06706857573474001 0.2481160512434062 0.0672569706103994 0.1284853051996986 0.03617181612660136 0.2462321024868123 0.06876412961567445 0.1379050489826677
 0.07027168234064786 0.2716823406478579 0.07601880877742946 0.1201671891327064 0.02873563218390805 0.2476489028213166 0.07314524555903866 0.1123301985370951
 0.06088445966988477 0.2616007474307069 0.06726876362503893 0.1214574898785425 0.04344440984117098 0.2547492992837123 0.06789162254749299 0.1227032077234506
 0.06690140845070422 0.2887323943661972 0.06866197183098592 0.09443021766965429 0.04097311139564661 0.2863316261203585 0.07154289372599232 0.08242637644046094
 0.05560570500090269 0.2957212493229825 0.05470301498465427 0.1012818198230728 0.03267737858819281 0.2877775771799964 0.05849431305289764 0.113738942047301
 0.06612758310871518 0.2774483378256963 0.06666666666666667 0.0995507637017071 0.03683737646001797 0.2724168912848158 0.07565139263252471 0.1053009883198563
 0.06877940769443676 0.2936617769166897 0.06615001383891503 0.09244395239413231 0.04414613894270689 0.2860503736507058 0.06241350678106836 0.08635482978134515
 0.06997308727412534 0.3018069973087274 0.07093425605536333 0.0855440215301807 0.03383314109957709 0.2883506343713956 0.06747404844290658 0.08208381391772396
 0.05881389252948886 0.3243774574049804 0.05406290956749672 0.08420707732634339 0.0327653997378768 0.2984927916120577 0.06159895150720839 0.08568152031454784
 0.06503690036900368 0.3699261992619926 0.05058425584255843 0.04305043050430504 0.03551660516605166 0.3462484624846248 0.05166051660516605 0.03797662976629766
 0.06805407868752848 0.3417894576940604 0.05711681604131855 0.03858423211301838 0.04071092207200364 0.3463466504633146 0.05924350600030381 0.04815433692845207
 0.07822289728498197 0.3406113537117904 0.06246440098727929 0.04651604328839947 0.04366812227074236 0.3168786785646478 0.06550218340611354 0.04613632048604518
 0.06943323106733408 0.3221378976263523 0.05215565961569514 0.0754077183917326 0.03939932181495236 0.3024382367188762 0.06006781850476344 0.07896011626029388
 0.0579406068431246 0.3465138799225307 0.05535829567462879 0.04389928986442866 0.03712072304712718 0.3476436410587476 0.05664945125887669 0.05487411233053583
 0.07949285570537332 0.3254175890521231 0.05473938418192795 0.07305292815455826 0.04065204266452002 0.3022740994163816 0.06117931173274301 0.0631917890923727
 0.07727873183619551 0.3294253632760898 0.0607661822985469 0.06093130779392338 0.04260237780713342 0.3003632760898283 0.06142668428005284 0.06720607661822986
 0.08405260994656802 0.3403205918618989 0.05630908343608713 0.04952733251130292 0.04623921085080148 0.3168927250308262 0.05877517468146321 0.0478832716810522
 0.06671474936891453 0.3721601153984854 0.05337179949513163 0.05048683736025965 0.03263613415073927 0.3126577713667508 0.05986296429859358 0.05210962856112514
 0.05880262924142832 0.3561911529578966 0.05933558358500621 0.05311778290993072 0.03641854681115651 0.3117782909930716 0.06484277846864452 0.05951323503286552
 0.07852987837123215 0.28397673188789 0.06504494976203067 0.09518773135906927 0.03860391327340032 0.2734003172924379 0.06795346377578002 0.09730301427815971
 0.08995137763371151 0.3017287952458131 0.06915180983252296 0.08995137763371151 0.04862236628849271 0.2695840086439762 0.05186385737439222 0.07914640734737979
 0.08881199538638986 0.3215686274509804 0.05905420991926182 0.07427912341407152 0.04382929642445214 0.28719723183391 0.05859284890426759 0.06666666666666667
 0.08244545915778792 0.3287671232876712 0.05530187721968544 0.06164383561643835 0.04084221207508879 0.3163368848300355 0.05504819888381532 0.05961440892947742
 0.0933578206305479 0.2874196510560147 0.06213651668197123 0.1046831955922865 0.0440771349862259 0.2467095194367922 0.06336088154269973 0.09825528007346189
 0.07901498929336188 0.3269807280513919 0.06124197002141327 0.07002141327623126 0.04068522483940043 0.3040685224839401 0.05974304068522484 0.05824411134903641
 0.09050249934227834 0.3014996053670087 0.06208892396737701 0.08655616942909761 0.04577742699289661 0.2767692712444094 0.06103656932386214 0.07576953433307025
 0.07759539543807291 0.317842677467491 0.06757620976337668 0.08889362609251758 0.03922404604561927 0.2654018332978043 0.0658708164570454 0.07759539543807291
 0.09139332772638072 0.2938043173535184 0.05831230726100364 0.1048500140173816 0.03924866834875245 0.2492290440145781 0.05999439304737875 0.1031679282310064
 0.09133367929423974 0.2724442138038402 0.0700570835495589 0.1087182148417229 0.05163466528282304 0.2431240269849507 0.0700570835495589 0.09263103269330565
 0.0703547805171377 0.3006614552014432 0.07195830827821206 0.06273802365203447 0.05151332932451393 0.3048707155742634 0.07356183603928643 0.06434155141310884
 0.06920529801324503 0.3112582781456953 0.06523178807947019 0.07847682119205299 0.04437086092715232 0.2874172185430464 0.07615894039735099 0.06788079470198675
 0.06999236446933062 0.3000763553066938 0.07024688215831 0.05726648002036142 0.03919572410282515 0.3069483329091372 0.07559175362687706 0.08068210740646475
 0.05571677307022635 0.3325594892629135 0.06587347649448635 0.07544979686593152 0.03801508995937319 0.3035403366221706 0.07341845618107951 0.05542658154381892
 0.0693270206290159 0.3341224213730132 0.06391613121406831 0.06526885356780521 0.03584714237402773 0.2965843760568143 0.0737233682786608 0.06121068650659452
 0.05428631314189897 0.3234122825403479 0.06057430308111507 0.07147348564242297 0.03835673862921819 0.3181722909243345 0.06832949067281492 0.06539509536784741
 0.07834290401968827 0.3330598851517638 0.05906480721903199 0.08531583264971287 0.03035274815422477 0.2912223133716161 0.06521739130434782 0.05742411812961444
 0.06482334869431644 0.3238095238095238 0.0663594470046083 0.07158218125960061 0.03533026113671275 0.3072196620583718 0.07803379416282642 0.05284178187403994
 0.0721724388471785 0.3034633083070962 0.0666020828287721 0.06684427222087673 0.04746912085250666 0.2896585129571325 0.0741099539840155 0.0796803100024219
 0.0770042194092827 0.3308720112517581 0.05661040787623066 0.08157524613220815 0.04113924050632911 0.2781293952180028 0.07419127988748242 0.06047819971870605
 0.08804323350596713 0.2659310965998649 0.07430758838099527 0.1080837649178113 0.04053141184417924 0.231704571042558 0.07408241387074983 0.1173159198378744
 0.09694008742607355 0.2859346875803548 0.07302648495757263 0.1000257135510414 0.03857032656209822 0.2337361789663152 0.07251221393674466 0.09925430701979944
 0.08572339069471001 0.3065646908859146 0.07648183556405354 0.07871255576800509 0.03569152326322499 0.2641810070108349 0.08030592734225621 0.07233906947100063
 0.09284497444633731 0.2921635434412266 0.065587734241908 0.08148779102782509 0.04997160704145372 0.2722884724588302 0.075809199318569 0.06984667802385008
 0.08502440277421013 0.2989982019008477 0.06961212432571282 0.08579501669663499 0.03801695350629335 0.2653480606216286 0.07269458001541228 0.08451066015926022
 0.1001364256480218 0.2575716234652115 0.07230559345156889 0.1113233287858117 0.04965893587994543 0.2090040927694407 0.07694406548431106 0.123055934515689
 0.09266024576552641 0.2710063101959482 0.07771504483560279 0.0979740949850548 0.04583194951843241 0.241115908336101 0.07937562271670541 0.09432082364662903
 0.08507425119557009 0.2791341555499622 0.07475459350616663 0.09463881198087087 0.04908129876667506 0.239617417568588 0.07576138937830355 0.1019380820538636
 0.08478320905827119 0.2753383043358189 0.06628003314001657 0.1154377243855289 0.04308202154101077 0.2350179508423088 0.06987020160176746 0.1101905550952775
 0.08272813388064414 0.2908114935269971 0.06851910325228923 0.09346384591095674 0.04231133564887907 0.2491316703504894 0.07104515314177455 0.1019892642879697
 0.06120374135827572 0.3302155347702318 0.05856039040260268 0.09129727531516876 0.02907686051240341 0.2893452623017487 0.06283041886945913 0.0774705164701098
 0.06223649869504116 0.3416984541256776 0.06163420999799237 0.06926320016061031 0.03192130094358563 0.3127885966673359 0.0688616743625778 0.05159606504717928
 0.06337135614702155 0.3504435994930292 0.05809040980143642 0.07435572454583861 0.03041825095057034 0.3031263202365864 0.06590621039290241 0.05428812843261512
 0.0681101534580618 0.3514820264872819 0.06537733865881859 0.06285474038259407 0.03594702543619929 0.3096489384065588 0.06474668908976246 0.04183308808072315
 0.06141390205371248 0.3380726698262243 0.06259873617693523 0.07997630331753554 0.03692733017377567 0.3001579778830964 0.06536334913112164 0.05548973143759874
 0.0655635987590486 0.3222337125129266 0.06928645294725956 0.07880041365046536 0.03536711478800414 0.2852119958634953 0.06825232678386763 0.07528438469493279
 0.05778080790864155 0.3553775353673087 0.04789500596557014 0.08198397818305778 0.03323674791205045 0.3114027612067496 0.0521561274927561 0.06016703596386569
 0.06258919469928645 0.3408766564729868 0.05871559633027523 0.06870540265035678 0.02752293577981652 0.3131498470948012 0.0599388379204893 0.06850152905198777
 0.05436507936507937 0.3609126984126984 0.05357142857142857 0.06448412698412699 0.02777777777777778 0.3168650793650793 0.05813492063492064 0.06388888888888888
 0.06322214955308481 0.3348593852190975 0.05929801613254851 0.08000872029649007 0.02594288205798997 0.3039023326793111 0.06191410507957271 0.07085240898190538
 0.0471927162367223 0.3045523520485584 0.05599393019726859 0.1397572078907436 0.01911987860394537 0.2520485584218513 0.05553869499241275 0.1257966616084977
 0.04633084577114428 0.2856032338308458 0.05736940298507463 0.1198694029850746 0.02549751243781094 0.277363184079602 0.06467661691542288 0.1232898009950249
 0.04357332500390442 0.2750273309386225 0.05263157894736842 0.149461190067156 0.02373887240356083 0.2572231766359519 0.05794158987974387 0.140402936123692
 0.04317087845968712 0.2695547533092659 0.05490373044524669 0.1642599277978339 0.01790012033694344 0.2405234657039711 0.05881468110709988 0.1508724428399519
 0.04335119337554798 0.2682253612599448 0.05504140282513395 0.1493748985224874 0.02760188342263354 0.2318558207501218 0.05504140282513395 0.1695080370189966
 0.04966679240538162 0.3442726015340123 0.04514019866716962 0.09028039733433925 0.02514774299006664 0.3148497422356343 0.05142713441468628 0.07921539041870992
 0.04448486852984952 0.3024640317512816 0.04795766495783033 0.1339507193649744 0.02232511989416239 0.2717049776748801 0.04431949727137423 0.1327931205556474
 0.05070422535211268 0.3390223695111848 0.04076222038111019 0.09295774647887324 0.02286661143330572 0.3216238608119304 0.04672742336371168 0.08533554266777134
 0.04125412541254125 0.33003300330033 0.04185418541854186 0.1057605760576058 0.0198019801980198 0.3112811281128113 0.04515451545154515 0.1048604860486049
 0.04329004329004329 0.3486201298701299 0.0441017316017316 0.08333333333333333 0.02353896103896104 0.3313041125541126 0.0505952380952381 0.07521645021645022
 0.06148791363529688 0.3018070875381366 0.0492842055855433 0.1356489087068763 0.03356019713682235 0.2119220840178362 0.04904951889227881 0.1572400844872096
 0.0732000963159162 0.294485913797255 0.04526848061642186 0.1114856730074645 0.03178425234770046 0.2340476763785216 0.05225138454129545 0.157476522995425
 0.06326844262295082 0.2879098360655737 0.04994877049180328 0.1206454918032787 0.02663934426229508 0.255891393442623 0.05814549180327869 0.1375512295081967
 0.06211512717536814 0.3306559571619813 0.05060240963855422 0.09424364123159304 0.02811244979919679 0.2698795180722892 0.04979919678714859 0.1145917001338688
 0.07053509381514941 0.3366921473245309 0.04690757470465601 0.1038915913829048 0.03613620569840167 0.249131341209173 0.04829742876997915 0.108408617095205
 0.07523277467411546 0.2651769087523277 0.07672253258845438 0.1307262569832402 0.02718808193668529 0.2093109869646183 0.0782122905027933 0.1374301675977654
 0.07809397749834547 0.2253474520185308 0.09133024487094639 0.1340172071475844 0.0327597617471873 0.1929185969556585 0.08537392455327597 0.1601588352084712
 0.08244274809160305 0.2370229007633588 0.0767175572519084 0.133206106870229 0.03244274809160305 0.2099236641221374 0.07824427480916031 0.15
 0.07178435394081453 0.2704365660709054 0.07793729856431292 0.1336067975388222 0.02724875476120715 0.2144740697333724 0.072370348666862 0.1321418107237035
 0.07379219060225016 0.2561217736598279 0.07544672402382528 0.1297154202514891 0.0271343481138319 0.2170747849106552 0.07875579086697551 0.1419589675711449
 0.08797015853279452 0.2744793285669879 0.05999378302766552 0.1252719925396332 0.03263910475598383 0.2144855455393223 0.06154802611128381 0.1436120609263289
 0.09140826873385013 0.2897286821705427 0.0733204134366925 0.09043927648578812 0.03972868217054264 0.2319121447028424 0.0710594315245478 0.1124031007751938
 0.0956551027281913 0.2984169754125968 0.06264735601212529 0.07477265072414954 0.04614348265409229 0.2637251599865275 0.07241495453014483 0.08622431795217245
 0.09284176533907428 0.2865984930032293 0.06108719052744887 0.08369214208826696 0.04601722282023681 0.246232508073197 0.06620021528525297 0.1173304628632939
 0.08492822966507177 0.2688397129186603 0.07505980861244019 0.104066985645933 0.03379186602870814 0.2126196172248804 0.07805023923444976 0.1426435406698565
 0.08022322985699337 0.3139169863969306 0.067317753749564 0.0851063829787234 0.02162539239623299 0.2514823857690966 0.06836414370422043 0.1119637251482386
 0.0743801652892562 0.305149396058487 0.06198347107438017 0.09186268277177369 0.02924348378893834 0.2466624284806103 0.0708836617927527 0.1198347107438017
 0.08229548229548229 0.2927960927960928 0.05787545787545788 0.1028083028083028 0.03418803418803419 0.2439560439560439 0.06886446886446887 0.1172161172161172
 0.08418131359851989 0.3012642614862782 0.06197964847363552 0.08633980881899475 0.03546099290780142 0.251927227875424 0.07554733271662041 0.1032994141227259
 0.0796195652173913 0.3133152173913044 0.05923913043478261 0.08858695652173913 0.02826086956521739 0.2478260869565218 0.06657608695652174 0.1165760869565217
 0.06312043453830306 0.3663607417119311 0.05956171567709309 0.03783480052444278 0.0406443154148717 0.3558718861209965 0.0571268027720547 0.01947930324030717
 0.06764960971379011 0.3668690372940156 0.05789245446660884 0.04228100607111882 0.0385949696444059 0.3486556808326106 0.05268863833477884 0.02536860364267129
 0.07053838484546361 0.3880857427716849 0.05383848454636091 0.02741774675972084 0.03738783649052842 0.357926221335992 0.04985044865403788 0.01495513459621137
 0.06499672560576293 0.3772102161100196 0.04960707269155206 0.03454485920104781 0.03716437459070072 0.3647675180091683 0.04649639816633923 0.0252128356254093
 0.06234643734643735 0.3846744471744472 0.0539004914004914 0.03501228501228501 0.03224815724815725 0.3637899262899263 0.04560810810810811 0.02242014742014742
 0.0589672016748081 0.3712491277041172 0.0589672016748081 0.04466154919748778 0.03715980460572226 0.349092812281926 0.05390788555478018 0.02599441730635032
 0.06100478468899521 0.3751993620414673 0.05940988835725678 0.03927432216905901 0.03349282296650718 0.3554625199362041 0.05442583732057416 0.0217304625199362
 0.06278613472858077 0.3852190974493133 0.05608240680183126 0.03793328973185088 0.03302812295618051 0.3476128188358404 0.05183126226291694 0.02550686723348594
 0.05929158110882957 0.3741016427104723 0.0521047227926078 0.03978439425051335 0.03696098562628337 0.3619096509240247 0.04979466119096509 0.0260523613963039
 0.05788617886178862 0.375609756097561 0.05154471544715447 0.03691056910569106 0.03560975609756097 0.3647154471544715 0.05447154471544716 0.0232520325203252
 0.06533624931656642 0.208037178786222 0.06861673045379989 0.1681246582832149 0.03171131765992345 0.1943685073810826 0.08201202843083652 0.1817933296883543
 0.07007125890736342 0.2636579572446556 0.06235154394299287 0.132125890736342 0.03087885985748218 0.2280285035629454 0.0665083135391924 0.1463776722090261
 0.05746061167747914 0.227062094531974 0.07414272474513438 0.1577849860982391 0.03058387395736793 0.2122335495829472 0.07784986098239111 0.1628822984244671
 0.04810248972685521 0.2910321489001692 0.04761904761904762 0.1322214164853759 0.02562243171380227 0.2506647328982354 0.06864877930867778 0.1360889533478366
 0.0595197835644234 0.2620899560365235 0.07034156239431856 0.1312140683124789 0.02367264119039567 0.2353736895502198 0.08725059181602976 0.1305377071356104
 0.06611782865963468 0.21095960895292 0.07718034473887317 0.1350656032930281 0.03215847697453049 0.2256238744533059 0.0908155389760741 0.1620787239516336
 0.08030803080308031 0.2502750275027503 0.06518151815181518 0.1427392739273927 0.02942794279427943 0.2037953795379538 0.07178217821782178 0.1564906490649065
 0.05803134182174339 0.2661606268364349 0.06513222331047992 0.148873653281097 0.0203232125367287 0.2235553379040157 0.06121449559255632 0.1567091087169442
 0.06544825882934058 0.2771054581378118 0.06371943689799951 0.1318844159051618 0.03037787107927883 0.2227710545813781 0.06816497900716226 0.1405285255618671
 0.06827956989247312 0.2529569892473118 0.07634408602150537 0.1405913978494624 0.02741935483870968 0.2115591397849462 0.07741935483870968 0.1454301075268817
 0.08916274012323305 0.2276187024284161 0.08118883653497644 0.1482421167089525 0.04313156940920623 0.1714389271475172 0.06342877854295034 0.1757883291047481
 0.08002735978112176 0.2445280437756498 0.09062927496580027 0.1265389876880985 0.02599179206566347 0.1857045143638851 0.08310533515731874 0.1634746922024624
 0.09172105805565098 0.2521470285125387 0.07557540364136035 0.1353486774304363 0.0395053246307111 0.1958090003435246 0.06355204397114393 0.1463414634146341
 0.08130582075762242 0.2312904219279335 0.07453033569448722 0.1465968586387434 0.04619648906683092 0.1903295349553434 0.06621496766245766 0.1635355712965815
 0.0838176812480881 0.2646069134291832 0.08137044967880086 0.1049250535331906 0.03670847353930866 0.2226980728051392 0.07005200367084735 0.135821352095442
 0.09333333333333334 0.2213333333333333 0.08799999999999999 0.139 0.04366666666666667 0.1776666666666667 0.07433333333333333 0.1626666666666667
 0.08684759916492693 0.2267223382045929 0.08935281837160751 0.1386221294363257 0.04509394572025052 0.17160751565762 0.07640918580375783 0.1653444676409186
 0.0939980946332169 0.2187996189266434 0.09907907272149889 0.1451254366465545 0.0387424579231502 0.1667195935217529 0.07970784375992379 0.1578278818672594
 0.09393539881344759 0.2214897824653922 0.09162821357943308 0.1400791034937376 0.04317732366512855 0.1895187870797627 0.05833882663150956 0.1618325642715887
 0.1024096385542169 0.2078313253012048 0.09412650602409639 0.1362951807228916 0.06061746987951807 0.172816265060241 0.07454819277108433 0.151355421686747
 0.07121263016459523 0.3473295263688277 0.05744037621766879 0.06046355391333557 0.0376217668794088 0.3137386630836412 0.05744037621766879 0.05475310715485388
 0.07869163308840958 0.3567196018013747 0.06162597771983883 0.05001185114956151 0.03839772457928419 0.3133443944062574 0.05404124200047405 0.04716757525479971
 0.08220140515222482 0.3344262295081967 0.06206088992974239 0.05971896955503513 0.0414519906323185 0.307728337236534 0.05925058548009367 0.0531615925058548
 0.07768829938417811 0.3498342018000947 0.05281856939838939 0.04689720511605874 0.04760776882993842 0.3211747986736144 0.05423969682614874 0.04973945997157745
 0.0889894419306184 0.3446455505279035 0.05907491201608848 0.05832076420311715 0.03896430367018602 0.303921568627451 0.05429864253393665 0.05178481649069885
 0.07435369480668039 0.3374513841226264 0.05559368565545642 0.06314344543582705 0.03980782429649966 0.3145733241821094 0.05536490505605125 0.05971173644474949
 0.07803147860784748 0.3327421857681224 0.05852360895588561 0.06517401906450898 0.04455774772777655 0.3014852582575925 0.0600753713145644 0.05941033030370206
 0.08617332035053554 0.3266796494644596 0.05720545277507303 0.07400194741966894 0.04065238558909445 0.2945472249269718 0.05404089581304771 0.06669912366114898
 0.08768799388223299 0.3367320927861331 0.05964822839663523 0.06015804231455519 0.04690288044863625 0.2969666071883763 0.0512362987509559 0.06066785623247515
 0.08523765996343693 0.3242687385740402 0.05781535648994515 0.06992687385740402 0.04456124314442413 0.2883912248628885 0.05712979890310786 0.0726691042047532
 0.05019782393669634 0.2462908011869436 0.0702274975272008 0.1780415430267062 0.02818991097922849 0.1960929772502473 0.07294757665677547 0.1580118694362018
 0.05519871537535127 0.2382577278201526 0.06543556804496187 0.1521477318346046 0.03472501003613006 0.2238057005218788 0.07145724608590927 0.1589723002810116
 0.0570006785795069 0.2490386790318932 0.0567744854105406 0.1624066953178014 0.02804795295182086 0.2239312372766342 0.06220312146573174 0.160597149966071
 0.06128376415916352 0.2259657275631717 0.06273598605866977 0.1672959628231194 0.03601510310775487 0.2009875108916643 0.07319198373511472 0.1725239616613418
 0.04353083434099154 0.2617896009673519 0.06620314389359129 0.1369407496977025 0.02357920193470375 0.2469770253929867 0.07769044740024184 0.1432889963724305
 0.05339652448657188 0.2657187993680885 0.07203791469194312 0.1165876777251185 0.0325434439178515 0.2669826224328594 0.08404423380726699 0.1086887835703002
 0.04799183117767188 0.275357385976855 0.07249829816201497 0.1221919673247107 0.02280462899931926 0.2624234172906739 0.08611300204220558 0.1106194690265487
 0.04678998911860718 0.2374863982589772 0.07916213275299239 0.1395538628944505 0.02312295973884657 0.2320457018498368 0.09412404787812841 0.147714907508161
 0.05642540620384047 0.2425406203840473 0.07651403249630724 0.1409158050221566 0.02895125553914328 0.2389955686853767 0.07562776957163958 0.1400295420974889
 0.04799040191961608 0.2168566286742651 0.08068386322735453 0.1589682063587282 0.01769646070785843 0.2078584283143371 0.09118176364727054 0.1787642471505699
 0.05613701236917221 0.2043767840152236 0.05651760228353948 0.2207421503330162 0.01941008563273073 0.1623215984776404 0.05156993339676499 0.2289248334919125
 0.05489443378119002 0.1744721689059501 0.05758157389635317 0.2431861804222649 0.02437619961612284 0.1385796545105566 0.05047984644913628 0.2564299424184261
 0.05352657004830918 0.2141062801932367 0.05951690821256039 0.2003864734299517 0.02628019323671497 0.1742995169082125 0.05932367149758454 0.21256038647343
 0.04600040708324853 0.1905149603093833 0.0508854060655404 0.2222674536942805 0.02401791166293507 0.1671076735192347 0.05332790555668634 0.2458782821086912
 0.05216374269005848 0.1899415204678362 0.04935672514619883 0.2252631578947368 0.02198830409356725 0.1632748538011696 0.05076023391812866 0.2472514619883041
 0.04960103515203795 0.1908561569980591 0.05067931852490835 0.2380849687297822 0.02436920422687082 0.1593702825102437 0.04787578175544533 0.2391632521026526
 0.04760793465577597 0.2 0.05694282380396733 0.2140023337222871 0.01866977829638273 0.1659276546091015 0.05740956826137689 0.2394399066511085
 0.05335425657120439 0.1898783836798745 0.0559042761867399 0.217928599450765 0.02334248724990192 0.1683012946253433 0.05708120831698706 0.234209493919184
 0.04650261577213718 0.2096492927727185 0.05347800813795776 0.2179810114318931 0.02208874249176516 0.1683782212749467 0.05870955241232319 0.2232125557062585
 0.06404582140067691 0.1731319968758136 0.05831814631606352 0.231970840926842 0.02629523561572507 0.139807341838063 0.05050768029159073 0.2559229367352252
 0.08307826847398339 0.2547004809794491 0.069960647135986 0.1357673808482728 0.03388718845649322 0.2090074333187582 0.06121556624398776 0.1523830345430695
 0.07947477539737388 0.2630730246486985 0.07026030868463487 0.1216309606081548 0.03294171849804193 0.2250633494586501 0.06795669200645013 0.1395991706979959
 0.08776185226019846 0.2524807056229327 0.06372657111356118 0.1402425578831312 0.037045203969129 0.2015435501653804 0.06571113561190739 0.1514884233737596
 0.07075767063243582 0.2398246712586099 0.07472343978292632 0.1542475474848675 0.02316844082654978 0.1934877896055103 0.07242746816948445 0.1713629722396159
 0.06208425720620843 0.2443055835517033 0.06349526305180407 0.154404353960895 0.02721225559363032 0.2152791775851643 0.06349526305180407 0.1697238459987906
 0.08021612635078969 0.2273482959268495 0.07460515378221114 0.1440149625935162 0.0330423940149626 0.2082294264339152 0.07169576059850374 0.1608478802992519
 0.06915815835099211 0.2176844538624542 0.06280100173376998 0.1712579464457715 0.02581390868811404 0.200346753997303 0.06376420728183395 0.1891735696397611
 0.07656216677329922 0.2196630411601621 0.06397952655150352 0.1578161654937087 0.03049690765621668 0.2066538707613564 0.06888462358711879 0.1759436980166347
 0.06937145259617405 0.2501576623922641 0.06285474038259407 0.1494639478663023 0.02774858103846962 0.2085347908345596 0.06747950388900567 0.1643893210006306
 0.07771135781383433 0.2348420153714774 0.07344150298889837 0.1500853970964987 0.03031596925704526 0.1944918872758326 0.06938514090520922 0.1697267292912041
 0.05761316872427984 0.3043743331809176 0.04206675811614083 0.1022709952751105 0.03261697911903673 0.3066605700350556 0.04801097393689986 0.1063862216125591
 0.05555555555555555 0.3238482384823848 0.0391260162601626 0.0975609756097561 0.02540650406504065 0.2999661246612466 0.04251355013550136 0.1160230352303523
 0.06179378531073446 0.3393361581920904 0.04272598870056497 0.07397598870056497 0.03195621468926554 0.3140889830508475 0.0490819209039548 0.0870409604519774
 0.06038320108380105 0.3199148442035998 0.04625508031739888 0.0940584478420747 0.02883684923553319 0.2972711437971744 0.04586800851557964 0.1074124250048384
 0.04778156996587031 0.3126659082290482 0.03981797497155859 0.1162305650360258 0.02654531664770573 0.2940841865756542 0.04569586651497914 0.1171786120591581
 0.05393013100436681 0.2897379912663756 0.04432314410480349 0.1384279475982533 0.02292576419213974 0.2587336244541485 0.05021834061135371 0.141703056768559
 0.05669877408056042 0.295753064798599 0.037215411558669 0.1129597197898424 0.02933450087565674 0.2887478108581436 0.05035026269702277 0.1289404553415061
 0.06118881118881119 0.2972027972027972 0.04292929292929293 0.1188811188811189 0.02913752913752914 0.2766122766122766 0.0472027972027972 0.1268453768453768
 0.06046878077604885 0.2857987000196966 0.04510537719125468 0.1256647626551113 0.02993894031908607 0.2682686625960213 0.04805987788063817 0.136694898562143
 0.05237830834721451 0.2913196372385712 0.03886729594669628 0.1193781232648529 0.02887284841754581 0.2809550249861188 0.04738108458263927 0.1408476772163613
 0.07052297939778129 0.2906101426307449 0.06953248811410459 0.1071711568938193 0.03585578446909667 0.2634706814580032 0.06794770206022187 0.0948890649762282
 0.07444005270092227 0.2944664031620554 0.05753184014053579 0.09574000878348704 0.04677206851119894 0.2817303469477382 0.06675450153711024 0.08256477821695213
 0.07267511355486493 0.2981114032990677 0.06574229022232847 0.1037532871145111 0.02916567057136027 0.271097298589529 0.06335166148697108 0.09610327516136744
 0.06854474239228683 0.3275082856282013 0.05845134076529075 0.08104850858692378 0.03811388972582103 0.3061163000903886 0.05242542934618861 0.06779150346489907
 0.06321535481598874 0.3359746434231379 0.05405881317133298 0.07554146856840993 0.03028702236309209 0.3164289487585842 0.06022187004754358 0.06427187885191055
 0.0683086395997691 0.3292284010005773 0.05041370021166058 0.07715989994227439 0.03097941119876852 0.3011352703482779 0.05657109871079469 0.08620357898787762
 0.06869859700048379 0.2827769714562167 0.05684567005321722 0.1265118529269473 0.03507498790517658 0.2418964683115626 0.0660377358490566 0.1221577164973391
 0.07510431154381085 0.3026425591098748 0.05201668984700974 0.1107093184979138 0.03616133518776078 0.2653685674547983 0.05869262865090404 0.09930458970792767
 0.07180903531268495 0.3130795028605248 0.0615506016965871 0.08443479976326691 0.03846912606036693 0.2884198066679818 0.06076149141842573 0.08147563622016177
 0.06123987186734502 0.3073299415865838 0.05445637836819296 0.09496890898812889 0.03259845487092519 0.2956472583380441 0.06010928961748634 0.09364989636329377
