# Created by Octave 3.2.4, Wed Nov 07 19:45:40 2012 CST <zac1164@zac1164-VirtualBox>
# name: data_slant
# type: matrix
# rows: 500
# columns: 4
 0.1900449622827475 0.484291973242475 -0.2942470109597275 0.612604063322262
 0.2005818179149149 0.485642476442022 -0.2850606585271073 0.626145531448265
 0.2009167059098139 0.4693024054996193 -0.2683856995898053 0.6299698145752479
 0.2052106236638436 0.4581069569949046 -0.252896333331061 0.624914354230901
 0.2315778054962074 0.4902609327004702 -0.2586831272042628 0.6324935175509888
 0.2181202668571027 0.5130873910937346 -0.2949671242366319 0.6235910878112713
 0.2066785766968971 0.4893940578413526 -0.2827154811444556 0.6257049448304046
 0.2215988991567729 0.4846128065005044 -0.2630139073437314 0.6353708359522313
 0.2012796328286693 0.5065354274817728 -0.3052557946531035 0.6177450639080917
 0.2539734302649276 0.4967835985807619 -0.2428101683158344 0.6487911522633745
 0.1727072402532443 0.4530425402714385 -0.2803353000181942 0.6174045369289026
 0.251447556328929 0.496064288756727 -0.2446167324277981 0.6522150700492237
 0.219061826729273 0.4731032340710783 -0.2540414073418054 0.6341236942463936
 0.2178832743518426 0.484810404294777 -0.2669271299429344 0.6358281244886606
 0.2107569562981126 0.4560738021802558 -0.2453168458821432 0.6319957052744598
 0.1967786161938904 0.4591910981908354 -0.2624124819969449 0.6175341296928327
 0.2169550041296937 0.4627172849595627 -0.245762280829869 0.632068667051356
 0.2493181305669623 0.4864209078336236 -0.2371027772666613 0.6458347712057423
 0.2194410630162825 0.4756213601603922 -0.2561802971441097 0.6363773539352969
 0.2021647525303991 0.4747058941683446 -0.2725411416379454 0.6225619231867051
 0.1875110119396201 0.4464498102745867 -0.2589387983349667 0.6117477885746656
 0.1646149248612389 0.4452872474807114 -0.2806723226194725 0.5947637292464879
 0.2059601700505957 0.4825824207443788 -0.276622250693783 0.6132958801498127
 0.1773771575176938 0.4482299187754435 -0.2708527612577496 0.6000084752945165
 0.2049011893432948 0.4655916276078731 -0.2606904382645784 0.6143244464527791
 0.1975871321281885 0.4592440598626231 -0.2616569277344346 0.6085197343308649
 0.1814456519492295 0.4298423905820535 -0.2483967386328241 0.6017371660045182
 0.1977485289071903 0.4572410318050634 -0.2594925028978731 0.6126007439553627
 0.1851238511466919 0.4583537646849704 -0.2732299135382785 0.6036955125918527
 0.2102302381643146 0.4755992306094489 -0.2653689924451343 0.6136672629695885
 -0.05061266017115312 0.3674324277164526 -0.4180450878876057 0.4899711630887536
 2.002580321099035e-05 0.3341551407517259 -0.3341351149485148 0.520254806225206
 0.02405710020668507 0.343864798486423 -0.3198076982797379 0.5339658245099067
 0.03010396895859213 0.3272486124002086 -0.2971446434416165 0.5436658714029042
 0.02073406869698457 0.3741882060229056 -0.3534541373259211 0.531062124248497
 -0.03114259788419274 0.3524148245013686 -0.3835574223855613 0.4936843651318205
 -0.01847672971783709 0.3513397697445618 -0.3698164994623989 0.5038576244813278
 0.01289462178133858 0.3433951060727389 -0.3305004842914003 0.526138775510204
 0.02343967207909136 0.3660436908656658 -0.3426040187865744 0.5336067991098957
 0.02231913093964904 0.3686859416773042 -0.3463668107376551 0.5278171788810087
 0.1407399189282049 0.3698115947625729 -0.229071675834368 0.594364992054761
 0.1453590652685322 0.3884466558790579 -0.2430875906105257 0.5998799879987999
 0.1456073836518718 0.3822965404152649 -0.236689156763393 0.599937935509352
 0.210144955117101 0.432550594293505 -0.222405639176404 0.6409221902017291
 0.1749947328546786 0.396330034305807 -0.2213353014511285 0.6175470278404815
 0.1390682017011914 0.3680683333077278 -0.2290001316065364 0.5924592923693147
 0.163667677722824 0.3920736675371175 -0.2284059898142936 0.6065917375455651
 0.1918795061629825 0.4043494395546736 -0.2124699333916912 0.6305217416328528
 0.1787756160320665 0.3997377628301561 -0.2209621467980895 0.623131086142322
 0.1777486938771961 0.4119243955659412 -0.2341757016887451 0.619564909096066
 0.2261881835149329 0.48655678698681 -0.2603686034718771 0.6256600049346164
 0.2110527613510167 0.4452698046432311 -0.2342170432922144 0.6205982775314681
 0.1969030614395341 0.4442501879626802 -0.2473471265231461 0.615127528583993
 0.1589796527818329 0.4397216439132091 -0.2807419911313762 0.5913597733711048
 0.1780724984793811 0.4780928866061656 -0.3000203881267845 0.6069266803515975
 0.1380863290149816 0.3981756852557837 -0.2600893562408021 0.5816754178910352
 0.17281990407824 0.458877829281693 -0.286057925203453 0.6006543584949755
 0.1114698451617965 0.4069135375042186 -0.2954436923424221 0.5647675541453994
 0.1736842514211003 0.4594636191963146 -0.2857793677752143 0.5960274164218772
 0.1692067497414133 0.45433235687678 -0.2851256071353667 0.5993735475396584
 0.247330436130124 0.4567389642118765 -0.2094085280817524 0.6603998719478479
 0.227786813281042 0.455717520674469 -0.227930707393427 0.6371266190853819
 0.2405018656778256 0.4809476210895442 -0.2404457554117187 0.6519919453547598
 0.1377776456766369 0.3991502347884303 -0.2613725891117934 0.5951991271140207
 0.1464244567264153 0.4431848597374275 -0.2967604030110121 0.5923941749037953
 0.2015526288755579 0.4263744233851444 -0.2248217945095864 0.6357134650735294
 0.1947747337587126 0.4315815868775354 -0.2368068531188227 0.6269478617457528
 0.1744302050053979 0.4278839274846408 -0.2534537224792429 0.6179913361393591
 0.1770906898734786 0.4182750776105922 -0.2411843877371136 0.6226981799978546
 0.1855321211342414 0.4351059962965368 -0.2495738751622954 0.6220916568742656
 0.1513906048531515 0.4063787232664605 -0.2549881184133091 0.6012003131251631
 0.1965967122680615 0.4512760004843667 -0.2546792882163053 0.6117220970805176
 0.2037300669723124 0.4519205656173613 -0.2481904986450489 0.6200981560013341
 0.2125718646947958 0.471132801491855 -0.2585609367970591 0.6262925235441091
 0.3152891301825558 0.5646486335653896 -0.2493595033828338 0.6777245908939107
 0.1656064372103149 0.4322441969734161 -0.2666377597631012 0.6076709563462024
 0.1839357933967976 0.4716690330925429 -0.2877332396957453 0.5978223212076219
 0.2630836068034957 0.508186754330396 -0.2451031475269003 0.656835423440161
 0.1650864706192821 0.4358151906221968 -0.2707287200029147 0.6042304480935151
 0.1966455865501303 0.4695399396248019 -0.2728943530746717 0.6138160295131146
 0.1106729964106335 0.4356583369403759 -0.3249853405297424 0.5706164670798192
 0.09431228855710214 0.4433490392675529 -0.3490367507104508 0.5635508628720998
 0.1337674577149897 0.4318430376531015 -0.2980755799381118 0.5785600802742704
 0.08540378737803823 0.3951073117653082 -0.3097035243872699 0.5554861344739751
 0.06397607452923919 0.3936948066044264 -0.3297187320751871 0.535778775215395
 0.04049670340352861 0.384467322221213 -0.3439706188176845 0.5341276687513479
 0.07552126305712685 0.3949200841582116 -0.3193988211010847 0.5505690457540432
 0.07057931926982157 0.4190891725544321 -0.3485098532846105 0.5476961157654227
 0.09610947445197865 0.4040828784640479 -0.3079734040120693 0.5648683240895164
 0.0348606731234485 0.4203397938897404 -0.3854791207662919 0.5375410312876553
 0.1308497333766996 0.4045321953799496 -0.27368246200325 0.5807081012966953
 0.1198951724385062 0.3763877998122392 -0.2564926273737331 0.5762745021323213
 0.08311294705693512 0.3774228017837343 -0.2943098547267992 0.5551378446115288
 0.1292030493123467 0.4145400447391598 -0.2853369954268131 0.5729498988991238
 0.1003984837379296 0.3649407926993174 -0.2645423089613878 0.5620400258231116
 0.1240276326556613 0.3975473524812913 -0.27351971982563 0.572376158441925
 0.1130267562255163 0.3904744222883311 -0.2774476660628147 0.568539145120431
 0.1967248038047553 0.4231364404604295 -0.2264116366556742 0.6082623140257114
 0.1484473791281313 0.4049383321251577 -0.2564909529970264 0.5848722718816644
 0.1206589438633391 0.4163003632382945 -0.2956414193749554 0.5689042675893887
 0.04469295636356233 0.4154352220779031 -0.3707422657143408 0.5112414467253177
 0.053255237663948 0.4348401899300273 -0.3815849522660792 0.5235747693085577
 0.03349267252471193 0.3924953986543201 -0.3590027261296082 0.5124932831810854
 0.04649629787396929 0.439897230571362 -0.3934009326973927 0.5208191548598651
 0.03748253950206138 0.4275748985458656 -0.3900923590438042 0.5204135043182413
 0.06639647994339845 0.4228077549931502 -0.3564112750497517 0.5263576912141029
 0.05340813595971226 0.4038315409590515 -0.3504234049993392 0.5182219419924338
 0.04757057964871146 0.4328477667530363 -0.3852771871043248 0.5213323133054787
 0.06278849373530127 0.4464817220071294 -0.3836932282718282 0.5334011313799021
 0.03997756772149267 0.4294684908533139 -0.3894909231318212 0.5213993748497235
 0.31638704693921 0.5424199722466277 -0.2260329253074177 0.6787373258079017
 0.3174938644630224 0.5497387536985334 -0.232244889235511 0.6843566605666688
 0.3633853514265423 0.5652635338096275 -0.2018781823830852 0.7034513079797757
 0.2753884800454451 0.5252400757259924 -0.2498515956805472 0.658816425120773
 0.30432285596177 0.5225172439826149 -0.218194388020845 0.6747605109100585
 0.28982700358299 0.4913558531637409 -0.2015288495807509 0.6775022484902994
 0.3213953525645689 0.5587383205944897 -0.2373429680299208 0.6784886172006745
 0.3468839195751832 0.571380084631312 -0.2244961650561288 0.6918139730639731
 0.3591981501461039 0.5649435680302822 -0.2057454178841783 0.7008920961418262
 0.3238473455594919 0.5476982661961292 -0.2238509206366372 0.675249605885444
 0.265798276784479 0.4717508928154986 -0.2059526160310195 0.665239003345109
 0.2687126129052116 0.4412879474431575 -0.1725753345379459 0.6749084837197354
 0.2808084551154185 0.4641843040976681 -0.1833758489822497 0.6824771963514162
 0.2865191092085056 0.4482854630331094 -0.1617663538246038 0.6870322019147085
 0.3162558741251539 0.4684060048047681 -0.1521501306796141 0.7067448680351907
 0.2130723218018532 0.4269662414184448 -0.2138939196165916 0.6369740376007162
 0.2981253021136259 0.4620258810656515 -0.1639005789520255 0.697601758903
 0.282170632584933 0.4342924051226751 -0.1521217725377422 0.6841275167785235
 0.3015776078144046 0.4602286410571403 -0.1586510332427356 0.6921755103250081
 0.3004138710727716 0.4504583583578649 -0.1500444872850932 0.6920876246526075
 0.2314651941323126 0.4488791939129558 -0.2174139997806432 0.6448038334830788
 0.2782867603755537 0.4821766800548409 -0.2038899196792872 0.6783314020857474
 0.3115303780421174 0.5056788159765553 -0.1941484379344379 0.6910999113867966
 0.3266951055451416 0.5226445250722107 -0.1959494195270691 0.6963019869399728
 0.3763844463777368 0.5562658708031404 -0.1798814244254037 0.7158230234072449
 0.3339419190958764 0.520831453353373 -0.1868895342574966 0.7035031402651779
 0.3141044029005829 0.5105857637268554 -0.1964813608262725 0.6927205951596196
 0.3260913213565682 0.5156907744765422 -0.1895994531199741 0.7058419607014579
 0.3675933555296166 0.5515170921191312 -0.1839237365895147 0.7151821672754519
 0.3525704708213527 0.5411429754913495 -0.1885725046699968 0.7119872306464485
 0.1279811470073013 0.3869785758374293 -0.2589974288301281 0.5748874798777883
 0.09577406719903207 0.4107784042150412 -0.3150043370160091 0.559583006193841
 0.123268119812309 0.4057129566534851 -0.2824448368411761 0.5797679745806547
 0.1238002367742612 0.4002838319048174 -0.2764835951305561 0.579703224858591
 0.151688481854435 0.416166660611133 -0.264478178756698 0.6013452428307959
 0.1402531865781263 0.4276953384706815 -0.2874421518925551 0.5862980675764998
 0.1557103291248983 0.4132913507155513 -0.2575810215906531 0.6048088565992042
 0.1541820373216742 0.4335277624917618 -0.2793457251700876 0.6034519421604764
 0.1678484356368549 0.4271270771020163 -0.2592786414651614 0.6129437074220151
 0.1782486688364435 0.4341481231859483 -0.2558994543495047 0.6154109198677762
 0.02700916484065527 0.3785935777466902 -0.3515844129060349 0.5354338914750226
 0.08408305998466377 0.4071857529225971 -0.3231026929379333 0.5656356029910729
 0.01541790157138273 0.399045721479428 -0.3836278199080453 0.5189351331083615
 0.1051210770259744 0.4364351674950855 -0.3313140904691111 0.5639377053864838
 -0.002929498712443589 0.378487722291616 -0.3814172210040597 0.5090649988124456
 0.004853990225434331 0.3752074913448474 -0.3703535011194131 0.5148690110927543
 0.04840136253306093 0.4265152398378428 -0.3781138773047819 0.5388392684530023
 0.0636568294044345 0.4226983156318099 -0.3590414862273755 0.5625436757512229
 0.1203194544822384 0.4455664436587655 -0.3252469891765272 0.5821064139941691
 0.04996178126307994 0.4355542435663693 -0.3855924623032894 0.5377611545581624
 0.3550206352160993 0.5842964991766079 -0.2292758639605086 0.7146446301004964
 0.3488680921636491 0.5830076526373381 -0.2341395604736889 0.7092574369843312
 0.3938673432105684 0.5995929920836891 -0.2057256488731206 0.7331351474959982
 0.4262993671529609 0.6227362834214601 -0.1964369162684994 0.7428674257296165
 0.424007557612853 0.6179161509813699 -0.1939085933685168 0.7445978647686833
 0.3399935628471163 0.5719659372103446 -0.2319723743632282 0.7122905954552994
 0.3590453131063997 0.5893584410462459 -0.2303131279398462 0.7167089678510998
 0.4254798861116696 0.6170039373187776 -0.1915240512071079 0.745801721933339
 0.3803797308259236 0.6065586656281807 -0.2261789348022571 0.7220631274192025
 0.4289712293486055 0.6270078326905579 -0.1980366033419524 0.7423762439601933
 0.03514156297346809 0.2838217209975795 -0.2486801580241114 0.5416566337587286
 0.04522517745875473 0.3027001020959945 -0.2574749246372398 0.5460452087304983
 0.05663497672263437 0.3282802840798699 -0.2716453073572355 0.543368097557786
 0.1126405346768259 0.3418097574036593 -0.2291692227268334 0.5800860626344728
 0.1596287295801048 0.3501098372735385 -0.1904811076934337 0.6045258620689655
 0.04445499079952644 0.303179040632293 -0.2587240498327666 0.5457955176884608
 0.08782412849429992 0.3451534238359859 -0.257329295341686 0.5642081617371771
 0.08358393529580668 0.2971427723275889 -0.2135588370317822 0.5700412544266364
 0.09535669609590498 0.3250684097542199 -0.2297117136583148 0.5671913620398075
 0.09361209750327766 0.3098067499231028 -0.2161946524198251 0.5673582653028298
 -0.01772513583793184 0.4427580143581217 -0.4604831501960536 0.4822993513888201
 -0.02958245095389039 0.4356360545602063 -0.4652185055140967 0.4729849424269265
 -0.03806791605011539 0.4203094615057976 -0.458377377555913 0.4729594112399643
 -0.05247485624751495 0.4103149855407965 -0.4627898417883115 0.4593826926718425
 -0.06087313319381738 0.3894524095311713 -0.4503255427249886 0.4574513577079324
 -0.06656262451752394 0.3975368630524736 -0.4640994875699975 0.4551123661607248
 -0.08253108016653028 0.4040559996980495 -0.4865870798645798 0.4516751845542306
 -0.03518579826621689 0.4384677316186338 -0.4736535298848507 0.4769735440719124
 -0.06749948144231262 0.3954170049425789 -0.4629164863848915 0.4568444200109951
 -0.05867171441864105 0.4243301403628895 -0.4830018547815305 0.4591276419394944
 0.05859069278885991 0.3343880541479887 -0.2757973613591287 0.5656735796750535
 0.0823293795958881 0.3586694494140349 -0.2763400698181468 0.5796803291660073
 0.08114496898671357 0.3372745677848639 -0.2561295987981503 0.5809995820146892
 0.06288944387992096 0.3508681929956409 -0.28797874911572 0.5638069903199586
 0.1035771540405294 0.3580659321855448 -0.2544887781450154 0.5938228826547611
 0.1187464797946836 0.3737815153408157 -0.255035035546132 0.6022126653753981
 0.09352104181732256 0.3550472830351195 -0.2615262412177969 0.5936729801816402
 0.08308719296412881 0.3662006984208652 -0.2831135054567363 0.5795586107091172
 0.09575519071266904 0.3632659881642194 -0.2675107974515504 0.58807426385428
 0.094157538724506 0.3660039835851638 -0.2718464448606579 0.5859918944196196
 0.09555348299947276 0.3659661689710829 -0.2704126859716102 0.5594410338160974
 0.06591874349648159 0.376098833041026 -0.3101800895445444 0.5441302485004285
 0.07515589429903399 0.382047933094518 -0.306892038795484 0.5404805599419572
 0.0757513079438637 0.3852163799171498 -0.3094650719732862 0.5444981396741222
 0.08593054902887945 0.3576344694753946 -0.2717039204465152 0.5522831887245916
 0.101689839250959 0.3736464804108602 -0.2719566411599013 0.5599870531539956
 0.1118841169916359 0.3612410554486175 -0.2493569384569816 0.5715504371934315
 0.08165144055678178 0.3850788810107155 -0.3034274404539337 0.5538723525029269
 0.08397105146435123 0.3733915203397427 -0.2894204688753915 0.5614675646933711
 0.06130295788327084 0.3857833599930122 -0.3244804021097413 0.5421278254091972
 -0.02172355940405365 0.288333005331523 -0.3100565647355766 0.4891382794457275
 -0.05531930821457568 0.2700693655627817 -0.3253886737773574 0.4832738538766226
 -0.0202690417828927 0.2998715364049989 -0.3201405781878917 0.4995523390285757
 -0.03766179872315274 0.3110503093708136 -0.3487121080939663 0.4898224339540927
 -0.007854159447788351 0.3449186682202764 -0.3527728276680648 0.5037991266375546
 -0.0114673908494241 0.2827014730778399 -0.294168863927264 0.503475935828877
 0.007619563591065671 0.2889578837633565 -0.2813383201722908 0.5185139216416367
 -0.09120790411334515 0.2662551048989803 -0.3574630090123254 0.4669863113974087
 -0.03426694874280384 0.3181447746514773 -0.3524117233942812 0.4955262391277206
 -0.06225106331887023 0.2870676855309677 -0.3493187488498379 0.4761955104486028
 0.02892083805839587 0.37626529822421 -0.3473444601658141 0.5317511454753723
 0.009267475044075482 0.3795580316672562 -0.3702905566231807 0.5171990171990172
 0.04708640559197878 0.3871673011373979 -0.3400808955454191 0.5393700787401575
 0.06906645318619799 0.423821104379114 -0.354754651192916 0.5457598656591099
 0.02499388355271225 0.388536673528543 -0.3635427899758308 0.5232507605388962
 0.04345393467639501 0.3885659192879208 -0.3451119846115257 0.5359212050984936
 0.05729236015832163 0.4058233704837953 -0.3485310103254737 0.5429963367196646
 0.06499040802607979 0.3812982547089117 -0.3163078466828318 0.559405746540708
 0.05508145866990817 0.4038487134517464 -0.3487672547818383 0.5481971755108324
 0.05479250478601293 0.3992488739781228 -0.3444563691921099 0.5460990099009901
 0.1303395599959046 0.4299711529730314 -0.2996315929771267 0.5725965734233613
 0.04154621853534995 0.3531941812604715 -0.3116479627251216 0.5214312020170543
 0.08576649968113059 0.3833727036932824 -0.2976062040121518 0.5509014141143355
 0.1018565344655579 0.3860861566286848 -0.2842296221631269 0.5542316038666404
 0.03193473704917946 0.3574697968168143 -0.3255350597676349 0.5161748132069959
 -0.02387530248912685 0.2977916197638189 -0.3216669222529457 0.5053251680756173
 0.03504843678115854 0.3603796034829029 -0.3253311667017443 0.5201537264949444
 0.08088299923869602 0.3494406769233571 -0.2685576776846611 0.5512576219512195
 0.008860037091450973 0.3548433296562141 -0.3459832925647632 0.509044559295991
 0.09790694952850171 0.3823225354340512 -0.2844155859055495 0.5563413326183134
 -0.03718467160613433 0.3436325511881086 -0.3808172227942428 0.4841006892874824
 0.003127348618299033 0.3542694246027814 -0.3511420759844823 0.5026928300473001
 -0.01576870568156537 0.3432235516900752 -0.3589922573716406 0.4925977812275188
 -0.01688314652541333 0.339078071911081 -0.3559612184364944 0.4957723795463696
 -0.02263123471385858 0.3274274966822604 -0.350058731396119 0.4887592968221772
 0.002327520136961527 0.360215713003362 -0.3578881928664004 0.5049737565608597
 -0.0001406676483414057 0.3648293765840884 -0.3649700442324298 0.5030488989008428
 0.03102706238413736 0.3629738356622527 -0.3319467732781153 0.5159167557785638
 0.003615809430398534 0.3556617104780918 -0.3520459010476932 0.508824163969795
 0.005784939298731497 0.3548663687222139 -0.3490814294234824 0.5114608279165241
 0.09097760414466083 0.3495242175641803 -0.2585466134195195 0.5624613481756339
 0.1059422643924098 0.3490752329910646 -0.2431329685986548 0.5674918078092305
 0.08611859031366464 0.3381089647285945 -0.2519903744149298 0.5559852051109617
 0.06223158715343621 0.3198363559104737 -0.2576047687570374 0.5497234935163997
 0.07269490623930921 0.3301022375768929 -0.2574073313375838 0.5576767326159898
 0.07599717356181665 0.3339146842291665 -0.2579175106673498 0.5566953264663318
 0.09273719846448995 0.3437655080737368 -0.2510283096092469 0.5670634587978876
 0.06660317079689841 0.3051981981270038 -0.2385950273301054 0.5578291212141744
 0.08005271152163103 0.3338564967267447 -0.2538037852051137 0.5598659199607571
 0.07905035874623656 0.3259710488947476 -0.246920690148511 0.5582027808633699
 -0.007090641263395872 0.3867850543922243 -0.3938756956556201 0.4944813244821243
 -0.02908561103932701 0.3657859443824779 -0.3948715554218049 0.4850518608907871
 0.03175454130870635 0.4023365649945056 -0.3705820236857993 0.518972876684704
 -0.01302660776882555 0.3708593603025609 -0.3838859680713864 0.4926439191025193
 0.04536926939649858 0.3989856729231505 -0.3536164035266519 0.5295450132677496
 -0.05010640252942249 0.3233677470197492 -0.3734741495491717 0.4776756514854212
 0.005182053933497052 0.3941468770104242 -0.3889648230769272 0.5210665581111338
 -0.03990269085701562 0.3583370576036179 -0.3982397484606336 0.4854570914182836
 0.05572660877804431 0.4076500618955181 -0.3519234531174739 0.5429138360126454
 0.03216414782894079 0.4004949500809848 -0.3683308022520441 0.5343220186458371
 0.3254732884647598 0.5711496788248762 -0.2456763903601163 0.6787750447955693
 0.288962829225997 0.5754138161123283 -0.2864509868863313 0.6657712220377063
 0.3307905933887305 0.5854053743239366 -0.2546147809352061 0.6830005534505513
 0.3646396909618076 0.6149807643154291 -0.2503410733536216 0.6967585089141005
 0.3233908062401285 0.5948699032731432 -0.2714790970330146 0.6798481493198355
 0.3104101350721784 0.5729454214319958 -0.2625352863598174 0.6735381046803097
 0.2761023039835255 0.5431642536347681 -0.2670619496512425 0.6614933674044569
 0.3296878150910067 0.6000119883123705 -0.2703241732213637 0.6798681358381503
 0.3359990068323709 0.5907782506783263 -0.2547792438459555 0.6901111452796205
 0.3345484463466872 0.5939504640204829 -0.2594020176737957 0.67974298275279
 0.2259742742634604 0.5246792605043865 -0.2987049862409262 0.6174370653043639
 0.214305812984158 0.5043913263115758 -0.2900855133274177 0.6147188564408956
 0.2127163130865385 0.5087730442749947 -0.2960567311884562 0.6122570346489719
 0.2046201274832298 0.5323011220889734 -0.3276809946057435 0.6078106998316151
 0.1813386956444754 0.4645362402453289 -0.2831975446008535 0.5950505507771239
 0.2526396296139505 0.5046359774675739 -0.2519963478536235 0.6450235373234701
 0.3028858447860598 0.5515053418874194 -0.2486194971013596 0.6741049360920839
 0.2760552386555398 0.5306689866092329 -0.2546137479536931 0.6541035094906459
 0.2172143083131473 0.4812943372309845 -0.2640800289178372 0.6300302156297212
 0.2622123720433019 0.5386859745825832 -0.2764736025392813 0.6463877062267164
 0.1170224062188046 0.3920360922049854 -0.2750136859861808 0.5588889193862707
 0.1271097492843411 0.4334987187877399 -0.3063889695033988 0.5615828524319868
 0.137164695876941 0.4618576743657015 -0.3246929784887605 0.570279151183859
 0.09410250028634434 0.4204677177673384 -0.3263652174809941 0.5445897063431029
 0.1465548340687422 0.4505544359208808 -0.3039996018521386 0.5796395518753045
 0.1077352073810721 0.41149014695577 -0.3037549395746979 0.5522427133631974
 0.1305040130638663 0.4505348361262186 -0.3200308230623523 0.5636595859101909
 0.1279624440535283 0.4310275047420047 -0.3030650606884764 0.5636283157861456
 0.1421682295267476 0.4402800755371787 -0.2981118460104311 0.5707465555911567
 0.1722354471532647 0.4701801737846006 -0.2979447266313359 0.5883620689655172
 0.03714152516368022 0.3926697364156722 -0.355528211251992 0.5175854574194824
 0.03933978899604133 0.4433079038394245 -0.4039681148433832 0.5189583210863559
 0.05544183472537412 0.4188434788338584 -0.3634016441084843 0.5261538461538462
 0.04034924320671632 0.4217176318464846 -0.3813683886397683 0.5152191377309649
 0.06516911270384546 0.4237242739303111 -0.3585551612264656 0.5276780653693558
 0.07945130123310164 0.4383065463172886 -0.3588552450841869 0.538778351412495
 0.07266146744832169 0.428410335954008 -0.3557488685056864 0.5401697591788394
 0.04242232197834293 0.447002370751879 -0.4045800487735361 0.5254962439679618
 0.07721954649899922 0.4300823187174792 -0.3528627722184799 0.5480769230769231
 0.08423465861545745 0.4475630717617863 -0.3633284131463289 0.5497336517266715
 0.06831653957073588 0.383962154223187 -0.3156456146524511 0.5344307159818087
 0.03643682537973376 0.3933460936635306 -0.3569092682837968 0.5232273838630807
 0.02431410355516953 0.4006096045463912 -0.3762955009912217 0.5106070346220957
 0.04843775326635383 0.3938601109771331 -0.3454223577107793 0.5202062775821887
 0.06534586290525118 0.4062004584908155 -0.3408545955855642 0.5304238938873945
 0.07774578537189719 0.3813089592076059 -0.3035631738357087 0.5435897435897435
 0.03263438787653952 0.3646003738386765 -0.331965985962137 0.5141639109127853
 0.03386806030441925 0.4036690839546071 -0.3698010236501879 0.5171007350129583
 0.01761814009432017 0.4037111919074477 -0.3860930518131275 0.5070434935728121
 0.02951577427115552 0.4148796401314158 -0.3853638658602602 0.5108496977082064
 0.06064365910365659 0.3366578823288516 -0.276014223225195 0.5339048106448311
 0.1062351031799693 0.3748256085496985 -0.2685905053697291 0.5566912507268109
 0.1341655838717008 0.3954775779188612 -0.2613119940471605 0.5745460189352786
 0.116764085825133 0.3709420130593708 -0.2541779272342378 0.5663986609678094
 0.1748214941013442 0.4110013951050383 -0.2361799010036942 0.598034793814433
 0.1681674393527206 0.3977768354009955 -0.2296093960482749 0.5973260752527367
 0.1703034310611447 0.4077135125361869 -0.2374100814750422 0.5881033528503598
 0.1560484294331712 0.3860546026145802 -0.230006173181409 0.5858264613999044
 0.1810807055899327 0.4207599151526987 -0.239679209562766 0.6007072716365129
 0.1750274581265565 0.3848686872755908 -0.2098412291490343 0.6047250462107209
 0.3048550926617215 0.4992131407206732 -0.1943580480589517 0.6944517028133438
 0.3029557042925471 0.5237734833083394 -0.2208177790157923 0.6886625730118316
 0.2530837746255476 0.4691149097405 -0.2160311351149524 0.6558567438804008
 0.2212579654648781 0.4521285374377854 -0.2308705719729073 0.644296305153653
 0.2627347211936323 0.4559438200141653 -0.193209098820533 0.6617788925332819
 0.226203936265341 0.4875229973782148 -0.2613190611128737 0.6395681628808463
 0.2298229992926259 0.4643804828027936 -0.2345574835101678 0.6477449693120401
 0.2744312618212648 0.503696945044764 -0.2292656832234993 0.6660927617709065
 0.2767083208426636 0.4944488408704939 -0.2177405200278303 0.6762587540243619
 0.2663522686835916 0.4643168610613596 -0.197964592377768 0.6703963652392093
 0.1705313785465599 0.4380996557840625 -0.2675682772375025 0.6006588768209193
 0.1893907058601154 0.4432558844246836 -0.2538651785645681 0.6099900760833609
 0.2447741576693392 0.4946205219826638 -0.2498463643133246 0.6443720183269567
 0.2882109224316116 0.5104196915655961 -0.2222087691339845 0.6627250452753809
 0.2220861910207923 0.4996253508855222 -0.2775391598647299 0.6174452295023637
 0.2674298531252655 0.5011143995508123 -0.2336845464255468 0.6491772000953971
 0.2138679372457927 0.5018106993288195 -0.2879427620830268 0.6181317136269051
 0.2339071162110252 0.4787013072321405 -0.2447941910211152 0.6279692645444567
 0.1766235377993801 0.4792569729576597 -0.3026334351582795 0.5933186085035892
 0.174318978956114 0.4744698413833119 -0.3001508624271979 0.5959322713154994
 0.2977137359527886 0.5882894358251105 -0.2905756998723218 0.6626925701152727
 0.251620096281751 0.5751865020118662 -0.3235664057301151 0.6410471433259197
 0.2975808100295284 0.5950098034115369 -0.2974289933820085 0.6611350813143047
 0.2986259605231938 0.5900183839164129 -0.2913924233932191 0.6634079374323987
 0.2761230902967207 0.5909066472106833 -0.3147835569139625 0.6503317249698432
 0.27846490833704 0.5870714466002368 -0.3086065382631968 0.646572862046852
 0.267233599780477 0.5573462783467293 -0.2901126785662523 0.646334329910308
 0.2806533486709674 0.5716533470106648 -0.2909999983396975 0.6515684393761768
 0.2614115335086497 0.5821540500237623 -0.3207425165151126 0.6424135551636894
 0.2583135703583957 0.5612560535915372 -0.3029424832331415 0.6445384925433293
 0.1068601474280066 0.4087521479097425 -0.3018920004817359 0.5687880415324025
 0.1373192991970762 0.4331214800647301 -0.2958021808676539 0.5897067280046003
 0.2019808571750049 0.4577851944591734 -0.2558043372841686 0.6242520040645817
 0.1892353738436066 0.4633787311415022 -0.2741433572978956 0.6149313469342376
 0.1927018455746384 0.4469821344915485 -0.2542802889169101 0.6191465558574397
 0.1197190114723218 0.4398494499099173 -0.3201304384375955 0.5654842767295597
 0.1501377434034042 0.4356566161268455 -0.2855188727234413 0.5848598130841122
 0.1474220340026857 0.4268628228618637 -0.279440788859178 0.5878515071818734
 0.1162960675677849 0.4204709504600977 -0.3041748828923128 0.5720223820943245
 0.157818889617194 0.4530163173367571 -0.2951974277195631 0.597112620052609
 0.2325411742252884 0.4841269528385916 -0.2515857786133032 0.6416789257879746
 0.2908353607121605 0.511481355851508 -0.2206459951393476 0.683555474408131
 0.2705743957682554 0.4913973156861677 -0.2208229199179124 0.6724261356241051
 0.2692918530806869 0.4851013154855708 -0.215809462404884 0.670390696458905
 0.2674468177114885 0.4990722687919639 -0.2316254510804754 0.6676783925698849
 0.2165670960411751 0.4707836409163262 -0.2542165448751511 0.6494062965249283
 0.2722223266279936 0.4875500665132211 -0.2153277398852276 0.6751916727293077
 0.2859093043370371 0.5096890435846477 -0.2237797392476105 0.6784368180916485
 0.2843740474909877 0.493432166166938 -0.2090581186759503 0.6822495507637018
 0.2765822153609603 0.5162113759395422 -0.239629160578582 0.670950330913063
 0.1045079169983166 0.3598418863696615 -0.2553339693713449 0.565610220935978
 0.1002778500408421 0.3557998146968469 -0.2555219646560048 0.5680743243243244
 0.07843976452632069 0.3536942305796741 -0.2752544660533534 0.5525795434118281
 0.08530827692337266 0.3466117980996193 -0.2613035211762467 0.5520032895582226
 0.07549118397407729 0.3337149559533651 -0.2582237719792879 0.5462323561346363
 0.1748108172185113 0.4190441857037996 -0.2442333684852883 0.6144279218385155
 0.1510494938487367 0.4130433124467327 -0.261993818597996 0.6006107717934481
 0.2171410502666612 0.4321980504831206 -0.2150570002164594 0.637919250727756
 0.1986019901560919 0.4381710974276306 -0.2395691072715387 0.6276344802830625
 0.2420206850436357 0.4649781358580646 -0.222957450814429 0.659746835443038
 0.05724902224908265 0.3933102131552311 -0.3360611909061485 0.5426371149511645
 0.08258342644831637 0.4181639227246385 -0.3355804962763221 0.5495732433505359
 0.08616536068080843 0.4134887936019878 -0.3273234329211793 0.5547923491493184
 0.09353298673978649 0.4337070348534633 -0.3401740481136769 0.565740538175454
 0.06987342996661315 0.4319664825893803 -0.3620930526227671 0.5546515960750218
 0.07704007667081261 0.3755429729264704 -0.2985028962556578 0.5445319227457251
 0.07742881442017813 0.390955092054535 -0.3135262776343569 0.5437567525852756
 0.1028516569604568 0.4239890000450139 -0.321137343084557 0.5567502331449887
 0.06858660477742601 0.3863228496355989 -0.3177362448581729 0.5512603367540102
 0.1021867844629132 0.4133252106022385 -0.3111384261393253 0.560565208707809
 0.1203778007243905 0.4860248734395805 -0.3656470727151899 0.5847209105820369
 0.1353515294903564 0.4758052613302155 -0.3404537318398591 0.6011847501392334
 0.1654969266286401 0.481202926257558 -0.3157059996289179 0.6158730158730159
 0.1275421531779353 0.4863695103926165 -0.3588273572146811 0.5877333584763341
 0.1204366540499656 0.4707662293068108 -0.3503295752568451 0.5835833987350538
 0.1860022098534703 0.4707978410033786 -0.2847956311499082 0.62954861801551
 0.1478722694510006 0.4663987889650769 -0.3185265195140763 0.6003276003276004
 0.1424050266080352 0.4869188377845305 -0.3445138111764954 0.5990974358974359
 0.1849955142275319 0.478113889826339 -0.2931183755988071 0.6236253990776871
 0.1534799624452527 0.4734516631500274 -0.3199717007047747 0.6017390555722957
 0.4138881598425055 0.5716071172401803 -0.1577189573976748 0.7516965723487463
 0.3905116474975693 0.569091657086649 -0.1785800095890797 0.736508573722544
 0.4330616267033725 0.5982420427740794 -0.1651804160707069 0.759438863872532
 0.4237967321196776 0.5801325141664366 -0.156335782046759 0.7565980933266433
 0.4139807443386574 0.5670031887127861 -0.1530224443741287 0.7592208868628264
 0.4090216212079228 0.5827029353496171 -0.1736813141416943 0.7479383849385405
 0.4135271777642833 0.5609659843846466 -0.1474388066203633 0.7619980868388512
 0.4030568741648952 0.5602371815291597 -0.1571803073642645 0.7504863942858666
 0.4399545041955553 0.5971373131701775 -0.1571828089746221 0.7662071576509365
 0.4017197848794469 0.5510061015730643 -0.1492863166936174 0.7553563670454805
 0.04172700293024739 0.3942040058419108 -0.3524770029116635 0.5253271505481982
 0.07658155962766429 0.3944432468268734 -0.3178616871992091 0.5431765763652711
 0.07861070319862844 0.3991517803096124 -0.320541077110984 0.5490162993959438
 0.1107763603417714 0.4285779513550795 -0.3178015910133081 0.5620596805724614
 0.1245096789051277 0.4430351306446548 -0.3185254517395271 0.5696644585253456
 0.0492611614006316 0.3897091693525324 -0.3404480079519008 0.5264652200365038
 0.07691201225433261 0.3983688293997967 -0.321456817145464 0.5475764383353006
 0.08891207670331784 0.3885999021929453 -0.2996878254896275 0.5534733914061928
 0.1201996346716628 0.4158236256139067 -0.2956239909422438 0.5640126794704456
 0.09561756183375095 0.4049828918674184 -0.3093653300336675 0.5523284735774691
 0.04113270653131433 0.4314862218999017 -0.3903535153685873 0.5240731525255039
 0.07983479695956798 0.4409824773916792 -0.3611476804321112 0.5495373226403455
 0.06611505944813759 0.443556409187015 -0.3774413497388773 0.5354704097116844
 0.07340803712535826 0.444712090041319 -0.3713040529159607 0.5500709219858156
 0.09085654435188148 0.4284909169951732 -0.3376343726432918 0.5543139145725793
 0.05161767581381031 0.3902040384379968 -0.3385863626241865 0.5280939259614232
 0.05142757236679116 0.416180156263149 -0.3647525838963578 0.5310656974351941
 0.05666947073847139 0.4143118859711308 -0.3576424152326594 0.5307554953512714
 0.02126795082088672 0.3965667917536511 -0.3752988409327644 0.5172304372659771
 0.03612916620653987 0.4010799544920347 -0.3649507882854948 0.522382147101545
 0.3030844309505775 0.5412440141167939 -0.2381595831662164 0.6711182722399529
 0.3456113594110974 0.5776642954277147 -0.2320529360166173 0.6911469998821171
 0.3065942159665202 0.5785485096252559 -0.2719542936587357 0.6648853175222343
 0.3442757480433267 0.5799449427371015 -0.2356691946937748 0.6954526648361982
 0.3076339442047188 0.5630884831231788 -0.25545453891846 0.6707955561231005
 0.3148224029994102 0.5636549387531224 -0.2488325357537123 0.6722050126724867
 0.2835746740488682 0.5633255385769553 -0.2797508645280872 0.6528806059058804
 0.284630897555845 0.5673990209361375 -0.2827681233802924 0.6607623513067639
 0.3085441782205888 0.5712623393492812 -0.2627181611286923 0.6738214250710576
 0.2902681907150299 0.5849611051174299 -0.2946929144024 0.6539298979635401
 0.1010935401882791 0.4320986477015223 -0.3310051075132432 0.5459844306223839
 0.09248836906528017 0.4153831073299152 -0.3228947382646351 0.5435321013526386
 0.09114816134567923 0.4374499401398482 -0.346301778794169 0.5444638718334486
 0.0972407212616772 0.4566487452794509 -0.3594080240177737 0.5385054694020999
 0.1479532768976303 0.4523975730300523 -0.304444296132422 0.5682914820285574
 0.1583136637613951 0.4840362639525009 -0.3257226001911059 0.5988311584340725
 0.1797318012171511 0.4893189995820038 -0.3095871983648527 0.6077036691542289
 0.126084243301351 0.4723310574497057 -0.3462468141483547 0.5733143061006065
 0.1051139618144062 0.4328811020564606 -0.3277671402420543 0.5711570870235577
 0.06002365168948019 0.4148504477426932 -0.354826796053213 0.5369905431416855
 0.01556441825124611 0.2992721422007675 -0.2837077239495213 0.5135780815289706
 -0.009141712161931223 0.2988829519275442 -0.3080246640894755 0.5007802475985713
 0.01184549560924986 0.3204809639259725 -0.3086354683167227 0.5097246692230628
 0.00662719158303848 0.3150981770615373 -0.3084709854784988 0.5061061697021036
 -0.009336749339870679 0.3070875781482584 -0.3164243274881291 0.4963114754098361
 -0.009460556509976495 0.3015023771323101 -0.3109629336422867 0.5010379596678529
 0.01264274301123426 0.2942274226762414 -0.2815846796650071 0.5095116297658061
 0.01832122909269364 0.3042945643953907 -0.285973335302697 0.5095768674049888
 0.02476766138344174 0.3190671499552313 -0.2942994885717896 0.5172449330127105
 0.0001141084069949584 0.3132967916945319 -0.313182683287537 0.5086507936507937
 0.03732288132293098 0.3657857427792651 -0.3284628614563341 0.5208366344477896
 0.06301228608135274 0.4010494065602965 -0.3380371204789438 0.5336892102055399
 0.04774276307073456 0.3962829378862394 -0.3485401748155048 0.5258637366038612
 0.03181542305194589 0.3629504322339244 -0.3311350091819785 0.5180789707187222
 0.02016306471696137 0.3507538601051455 -0.3305907953881841 0.5057608569997303
 0.04423435576984493 0.3679992246812622 -0.3237648689114172 0.5240099986843836
 0.01827048256169825 0.3441953142194098 -0.3259248316577115 0.5124859030127276
 0.02441615204798393 0.3748257605173464 -0.3504096084693625 0.5145261205154537
 0.02413540447306227 0.3514343204936918 -0.3272989160206295 0.512172031376792
 0.04393242256029019 0.3843429803691861 -0.3404105578088959 0.5269960905857077
 0.1411015310251303 0.4208670985537117 -0.2797655675285815 0.5927891368815358
 0.148321805023369 0.4150925472115112 -0.2667707421881422 0.5909227532311392
 0.1805190454448828 0.4394844435805637 -0.258965398135681 0.6150522281505975
 0.1500432541173478 0.4224581765001064 -0.2724149223827587 0.5909075025334591
 0.1273345611136293 0.3885540954288709 -0.2612195343152416 0.5762194131218926
 0.1047343497338177 0.3968018042048463 -0.2920674544710286 0.5637816245006658
 0.09296956397072764 0.3680683349695287 -0.2750987709988011 0.5501202886928629
 0.1032610702228786 0.3797301285303478 -0.2764690583074692 0.5599902398215282
 0.08725717796129151 0.3612244329054089 -0.2739672549441174 0.5500990659496179
 0.1069081877939938 0.4027146068138578 -0.295806419019864 0.5646721994708803
 0.21968360675441 0.4679159752908546 -0.2482323685364446 0.6276071154618841
 0.2163721425472874 0.4834835322383337 -0.2671113896910464 0.6273724090197078
 0.2025415527148183 0.4600005102806705 -0.2574589575658521 0.6250133694605868
 0.2467676345752108 0.4779306074446424 -0.2311629728694316 0.6515462106126274
 0.264643318300088 0.4859527918593147 -0.2213094735592268 0.6512995413383512
 0.2106045072967652 0.4602370668668608 -0.2496325595700956 0.633598228243877
 0.1818915531378254 0.4654617733546938 -0.2835702202168683 0.6085716348931254
 0.2062737653184704 0.4691178089469019 -0.2628440436284314 0.6230720394368301
 0.2123382004382401 0.4770935655071229 -0.2647553650688828 0.6284565264831499
 0.2204375479075446 0.4762130544546547 -0.2557755065471101 0.6393755252440365
