# Created by Octave 3.2.4, Mon Nov 19 11:39:51 2012 CST <zac1164@zac1164-VirtualBox>
# name: dataTransformed
# type: complex matrix
# rows: 208
# columns: 17
 (5.71389967594103e-09,-93318145.18365306) (-2.071751983284221e-09,33835394.97108824) (-10.25286136698381,0) (-4.685649059504788,0) (2.015881890178449,0) (23.74264291249163,0) (-28.14774720937321,0) (-18.94770970439819,0) (-38.23178799610823,0) (7.838937565165206,0) (-18.5509344390558,0) (-1.609682400169932,0) (-3.632860826196167,0) (10.278964505978,0) (3.345583174534832,0) (12.3544012844178,0) (1.984564386488961,0)
 (5.713899675940982e-09,-93318145.18365228) (-2.071751983284262e-09,33835394.97108892) (-9.75620810522868,0) (-5.291452211771015,0) (2.052289841413244,0) (23.22361992164197,0) (-28.58951383383859,0) (-19.05810304542808,0) (-37.34167568256343,0) (7.590404792732949,0) (-19.87472019686838,0) (-1.428109067506206,0) (-3.964296561358531,0) (10.37788680066244,0) (2.763294261956709,0) (12.11049019376364,0) (1.77608608759384,0)
 (5.713899675941e-09,-93318145.18365255) (-2.071751983284242e-09,33835394.97108858) (-9.518530975745305,0) (-4.81388084445273,0) (1.903030329753031,0) (24.38455573690539,0) (-28.61616724041201,0) (-19.59888464437616,0) (-37.66707110708953,0) (7.60966325205783,0) (-20.09412344351941,0) (-2.913783995674398,0) (-5.194769678424626,0) (12.12839141354984,0) (2.259350015690047,0) (12.1697226267586,0) (0.9569942901583198,0)
 (5.713899675941001e-09,-93318145.18365258) (-2.07175198328432e-09,33835394.97108984) (-9.818718118568917,0) (-5.179806653122734,0) (1.798645365375931,0) (23.7879788867222,0) (-28.89393748747308,0) (-18.6466385712291,0) (-37.39571488703542,0) (7.1268456960725,0) (-20.64297458700764,0) (-1.709275217458699,0) (-4.352270495012943,0) (10.73679858367011,0) (2.666387940947563,0) (12.95162109989304,0) (0.8152239302593015,0)
 (5.713899675941012e-09,-93318145.18365274) (-2.071751983284231e-09,33835394.9710884) (-9.851724204756298,0) (-4.458446665907344,0) (1.578038642609398,0) (23.89465631904201,0) (-28.62411328646889,0) (-19.39013606425991,0) (-38.38456197907415,0) (7.458051426818232,0) (-18.97821053744372,0) (-2.930861404121678,0) (-5.120649229291032,0) (12.40779873782593,0) (3.426656548227327,0) (11.89737487026973,0) (1.531027899903683,0)
 (5.713899675941012e-09,-93318145.18365276) (-2.071751983284249e-09,33835394.97108869) (-9.832058013526972,0) (-5.034940816335467,0) (2.156095210749703,0) (23.89940477385695,0) (-28.01641083131247,0) (-19.02445620300114,0) (-37.97478799158116,0) (7.810838259492616,0) (-19.62352201127378,0) (-1.653743368167851,0) (-4.098100798017636,0) (10.64632840095542,0) (4.109023489887559,0) (12.16987521982986,0) (1.817986056182681,0)
 (5.71389967594102e-09,-93318145.18365289) (-2.071751983284279e-09,33835394.97108918) (-9.981219890978254,0) (-4.774571700059747,0) (1.470766240206984,0) (23.68274789560198,0) (-27.58240961599859,0) (-19.019642031152,0) (-38.38539580931726,0) (7.363054889630553,0) (-18.97968986120587,0) (-2.420477152355403,0) (-4.651606654901775,0) (12.64805589238538,0) (2.563967336235584,0) (11.23073191936867,0) (2.045049145118224,0)
 (5.713899675940999e-09,-93318145.18365254) (-2.071751983284349e-09,33835394.97109033) (-9.976957164807558,0) (-5.519113461042158,0) (1.684313109790272,0) (23.4743145130869,0) (-28.18209206664925,0) (-18.87862351156495,0) (-37.88728633151316,0) (7.20642751489566,0) (-19.94389322436284,0) (-3.576827504334646,0) (-5.290853465074469,0) (13.22644019134427,0) (2.417150909985713,0) (11.26516933561899,0) (0.9215365436292978,0)
 (5.713899675941008e-09,-93318145.1836527) (-2.071751983284326e-09,33835394.97108995) (-11.93283891143684,0) (-7.512687772601284,0) (3.48358277488599,0) (23.18327399359367,0) (-27.98207104146163,0) (-20.14352022072168,0) (-36.86041204079942,0) (10.05424511159089,0) (-20.4945060566506,0) (-0.8360103796341756,0) (-1.458537798025872,0) (8.493327198978509,0) (1.680561631773891,0) (10.33843570671221,0) (6.087277017920061,0)
 (5.713899675940986e-09,-93318145.18365234) (-2.071751983284377e-09,33835394.97109079) (-10.85819223637348,0) (-6.962437853554558,0) (2.579729775052598,0) (22.4647494335061,0) (-27.75179920620785,0) (-19.91324421308244,0) (-40.19383260848675,0) (8.414517027600155,0) (-17.30367888396861,0) (-2.647182183496264,0) (-1.917961496496273,0) (9.560808488683923,0) (2.793945757065788,0) (12.4657990511777,0) (1.418630958468574,0)
 (5.71389967594097e-09,-93318145.18365207) (-2.071751983284297e-09,33835394.97108948) (-10.69353666491206,0) (-6.824363845027518,0) (2.809937565400562,0) (22.67143829032173,0) (-27.69923493824552,0) (-20.58728170124427,0) (-39.44323813618476,0) (8.243194602911748,0) (-17.58417561451322,0) (-2.251981969517881,0) (-1.72096642751467,0) (9.487615966144967,0) (1.80797205313107,0) (11.82152289166767,0) (2.906024636505434,0)
 (5.713899675941022e-09,-93318145.18365292) (-2.071751983284293e-09,33835394.97108941) (-12.13722164478778,0) (-6.814118120327361,0) (3.04786333677646,0) (22.55616414993297,0) (-28.19762718772088,0) (-20.18247540979579,0) (-39.10769761484164,0) (8.924547468981643,0) (-18.73708189183458,0) (-2.232277239727499,0) (-1.749706779881862,0) (9.191032482935691,0) (1.863524128625246,0) (12.62794107179157,0) (2.871816698083513,0)
 (5.713899675941015e-09,-93318145.1836528) (-2.07175198328431e-09,33835394.97108968) (-11.52803873367351,0) (-6.460716286132145,0) (2.542579032571143,0) (22.92191475319679,0) (-27.73220721887196,0) (-20.36779905184023,0) (-38.95571993357201,0) (9.212752942116792,0) (-18.90851941391417,0) (-1.689227423467655,0) (-1.710821526181314,0) (9.345124451042507,0) (1.638537342268783,0) (11.78929389728901,0) (4.591627615269206,0)
 (5.713899675940979e-09,-93318145.18365222) (-2.071751983284193e-09,33835394.97108779) (-9.848737646341593,0) (-5.932195703741245,0) (3.162176635690987,0) (22.77286321451079,0) (-27.60805302682345,0) (-18.75695915413014,0) (-37.79128959251189,0) (7.442898184353827,0) (-17.2288119876213,0) (-4.307473926273603,0) (-2.651361523243711,0) (8.409760012911462,0) (1.861122882959581,0) (13.52466107670161,0) (2.13132609456514,0)
 (5.713899675940977e-09,-93318145.18365219) (-2.071751983284376e-09,33835394.97109076) (-10.67212917953299,0) (-7.017687387641876,0) (2.668908618226481,0) (22.9402517343968,0) (-27.89048301710953,0) (-20.32587845403737,0) (-39.56885184994459,0) (8.490270985711241,0) (-18.13429363703699,0) (-2.654539243354432,0) (-1.69761210023695,0) (9.396472963204189,0) (1.876062286536146,0) (12.23247949222494,0) (2.501822526128819,0)
 (5.713899675941012e-09,-93318145.18365276) (-2.071751983284333e-09,33835394.97109006) (-12.10378006585196,0) (-7.198454180751431,0) (3.026416925484939,0) (22.38616085651531,0) (-28.20197527520945,0) (-19.99693984399413,0) (-38.98678591255048,0) (8.642342516018577,0) (-18.94873673749882,0) (-2.309410676554947,0) (-1.772456356997379,0) (9.604627611038875,0) (1.306813897756826,0) (12.45474001770174,0) (2.71764203355969,0)
 (5.713899675941e-09,-93318145.18365256) (-2.071751983284221e-09,33835394.97108824) (-10.27379290153313,0) (-6.339786044157532,0) (3.615272647699339,0) (24.11297199547252,0) (-27.59085538044753,0) (-20.1777871800891,0) (-38.15265060229126,0) (9.245902144356467,0) (-19.46749926631557,0) (-2.943945809759444,0) (-2.971362649532803,0) (9.085040641374045,0) (1.866801696369705,0) (11.32669773762074,0) (3.521385374064522,0)
 (5.713899675941048e-09,-93318145.18365335) (-2.071751983284218e-09,33835394.97108819) (-10.96414473935272,0) (-6.14981519628325,0) (4.012904723602329,0) (24.50889487775975,0) (-27.78112786962361,0) (-19.43077056771246,0) (-39.03120421553417,0) (8.817338399994055,0) (-18.87806042260246,0) (-4.484698088025724,0) (-3.302094860358809,0) (10.16895701547536,0) (2.677530195113282,0) (11.20134171593181,0) (1.920678168029691,0)
 (5.71389967594099e-09,-93318145.1836524) (-2.071751983284338e-09,33835394.97109016) (-10.03971330755846,0) (-6.743742013535594,0) (3.177013746930771,0) (23.77300679660762,0) (-27.84415812773474,0) (-19.57428036113818,0) (-39.20459582713994,0) (9.153805423478245,0) (-17.39376282146855,0) (-10.0985998714689,0) (-5.130025516496484,0) (11.22241414656744,0) (1.742202509887989,0) (9.672169461890213,0) (2.671881120621272,0)
 (5.713899675941024e-09,-93318145.18365297) (-2.07175198328436e-09,33835394.9710905) (-10.62406232259645,0) (-6.127892150445362,0) (2.255207187002222,0) (24.63132931868025,0) (-28.24999436082386,0) (-19.58286006451895,0) (-38.1788605969281,0) (8.323485702181705,0) (-18.9641756871726,0) (-4.348770923271457,0) (-3.417280720280246,0) (10.06521289593598,0) (2.490668214304715,0) (10.91504417651218,0) (1.569485209331808,0)
 (5.713899675940978e-09,-93318145.18365221) (-2.071751983284372e-09,33835394.9710907) (-9.901462749763589,0) (-6.777841028176189,0) (3.12461323136331,0) (23.92703572943227,0) (-28.2547189585476,0) (-20.23259631011477,0) (-39.81916959460239,0) (9.161651114425142,0) (-18.91257420432401,0) (-5.376016289504056,0) (-4.089250989447412,0) (10.74194459194661,0) (1.767217199348685,0) (10.7980534552754,0) (2.224258567299981,0)
 (5.713899675941034e-09,-93318145.18365312) (-2.07175198328423e-09,33835394.97108838) (-10.84911833083721,0) (-6.145085779754426,0) (3.965574436871839,0) (24.42685920425102,0) (-28.44754103185096,0) (-19.79647303361564,0) (-38.99782886817295,0) (9.118138439895054,0) (-19.17477887414874,0) (-5.216212929749684,0) (-3.624474479283237,0) (10.87097117370553,0) (1.668535673212418,0) (10.62917890085006,0) (1.931489998262292,0)
 (5.713899675940999e-09,-93318145.18365254) (-2.071751983284391e-09,33835394.97109103) (-9.971987731309071,0) (-6.888523926502329,0) (3.543731607516272,0) (24.62340192318182,0) (-28.63289791373156,0) (-19.85315024990983,0) (-40.141528166828,0) (9.971501666651822,0) (-18.40050694177254,0) (-8.842900161393446,0) (-5.150076559126284,0) (9.40836339262184,0) (2.247806095980614,0) (11.05094723877696,0) (2.851296180529276,0)
 (5.713899675941009e-09,-93318145.1836527) (-2.071751983284332e-09,33835394.97109004) (-10.36293591740099,0) (-6.31771031361864,0) (2.897582115760813,0) (24.82227293142084,0) (-28.80459363019387,0) (-19.800010821606,0) (-37.84506864122431,0) (8.679601877609846,0) (-18.79446660556617,0) (-5.004597127470413,0) (-3.478992411747447,0) (10.14439257416831,0) (2.562186217536845,0) (10.57157491256344,0) (1.51597898319394,0)
 (5.713899675940986e-09,-93318145.18365234) (-2.071751983284224e-09,33835394.97108829) (-9.707676612535687,0) (-6.831597985154233,0) (5.270894056153298,0) (23.13942546116845,0) (-27.69025567291993,0) (-18.66436659399314,0) (-39.75584509388698,0) (8.764254436341719,0) (-19.54341312457312,0) (-3.204513333790851,0) (-3.41585049945976,0) (9.662744447277912,0) (2.104146047686543,0) (10.97256367480976,0) (2.72301605612425,0)
 (5.713899675940976e-09,-93318145.18365218) (-2.071751983284096e-09,33835394.9710862) (-9.770441586745747,0) (-6.553619183828064,0) (5.619072277364507,0) (23.15176984325495,0) (-28.25581369467759,0) (-18.9818726676005,0) (-38.84599379993006,0) (8.588741321906509,0) (-19.043446406059,0) (-5.065770995554068,0) (-4.046280489792149,0) (8.710834278046587,0) (2.649147127192222,0) (12.09113318826734,0) (3.375872622969717,0)
 (5.71389967594096e-09,-93318145.18365191) (-2.071751983284311e-09,33835394.97108971) (-9.440519374142808,0) (-7.263263949576879,0) (4.930270732815838,0) (23.39660663445455,0) (-28.80051543756487,0) (-19.19890639090444,0) (-39.94626820465351,0) (9.805550806365275,0) (-18.89159856687983,0) (-7.140215012541742,0) (-5.124830200256416,0) (9.170127165727372,0) (2.442050590203415,0) (11.013631858236,0) (3.692437624852718,0)
 (5.713899675941e-09,-93318145.18365256) (-2.071751983284109e-09,33835394.97108641) (-10.55822075588562,0) (-6.258945653730436,0) (4.47965134900005,0) (23.80686841534231,0) (-28.32301918097752,0) (-19.65795311570882,0) (-38.63721349524183,0) (7.628995696449386,0) (-18.86730554305412,0) (-3.754382564099383,0) (-4.326544543218748,0) (8.697705216641017,0) (2.034819708492885,0) (12.89345017882632,0) (2.963259068953262,0)
 (5.713899675940928e-09,-93318145.18365139) (-2.071751983284368e-09,33835394.97109064) (-8.905934913466954,0) (-7.392773016045058,0) (4.421282006083954,0) (22.5166949529594,0) (-28.15568648256556,0) (-19.29357151945008,0) (-40.08161534130931,0) (9.271024566637667,0) (-19.61712639571967,0) (-4.84245399772103,0) (-3.427860458987784,0) (10.69470962066352,0) (1.703603007860081,0) (10.58545799121932,0) (2.698709545592598,0)
 (5.713899675941e-09,-93318145.18365256) (-2.07175198328419e-09,33835394.97108775) (-10.21206047740278,0) (-6.887359448880118,0) (5.355422630954391,0) (23.67704228525369,0) (-28.10913815769447,0) (-18.84286233819692,0) (-39.30719886846318,0) (8.652918632309488,0) (-19.17287478397854,0) (-5.718241445532658,0) (-4.47734057973068,0) (9.264494920601095,0) (2.202082921902683,0) (11.87038285037429,0) (3.456388778490791,0)
 (5.713899675940989e-09,-93318145.18365239) (-2.07175198328416e-09,33835394.97108725) (-10.58602089685768,0) (-6.67229248988586,0) (5.08940856633185,0) (22.69117476497883,0) (-28.01136467764021,0) (-19.36750567322333,0) (-38.3526373250933,0) (9.029481761819257,0) (-21.58917328159895,0) (-2.225209302683118,0) (-3.78803928003734,0) (9.900677316774825,0) (1.914011097168425,0) (10.86862646593116,0) (5.297558014772935,0)
 (5.713899675941e-09,-93318145.18365256) (-2.071751983284196e-09,33835394.97108783) (-10.67992155483039,0) (-6.284748012491174,0) (4.578572931995386,0) (22.40108704347497,0) (-28.86338926043506,0) (-18.57698873314034,0) (-39.04434595962179,0) (8.14886058363736,0) (-20.70640763054359,0) (-3.124066322690898,0) (-4.337126500292668,0) (10.60594621088699,0) (2.937545491111704,0) (11.83950973411851,0) (1.968418986627752,0)
 (5.713899675940928e-09,-93318145.18365139) (-2.071751983283921e-09,33835394.97108331) (-11.57376885545132,0) (-6.323593606639155,0) (5.194437781363538,0) (22.77739393289101,0) (-31.90194406724763,0) (-24.81751907796437,0) (-38.09615551802419,0) (10.84289964351687,0) (-20.09212866828521,0) (-9.555444380001152,0) (0.3604572937711047,0) (13.24205819562121,0) (3.204914951328902,0) (13.35508071238793,0) (1.023109182315078,0)
 (5.713899675940951e-09,-93318145.18365178) (-2.071751983283929e-09,33835394.97108344) (-12.36115923667828,0) (-6.277786912262147,0) (5.097282075151795,0) (21.55679893567699,0) (-31.50383918488193,0) (-23.95272841715843,0) (-38.03799108290497,0) (10.94558998713164,0) (-20.34772937097041,0) (-9.134515341175176,0) (0.5583013895071951,0) (12.9825842632682,0) (1.560637123359983,0) (13.16957321296583,0) (0.9253439218374144,0)
 (5.713899675940962e-09,-93318145.18365195) (-2.071751983283938e-09,33835394.97108359) (-12.8397461305431,0) (-6.715579457188762,0) (5.516189698487735,0) (22.68364000722431,0) (-32.09200437732698,0) (-24.53581757364813,0) (-38.3410376695529,0) (10.27691659203616,0) (-20.13525199018762,0) (-9.092135669949318,0) (0.4972762811894015,0) (13.27517388011858,0) (1.097420001263598,0) (13.88387383809534,0) (0.9731424032377989,0)
 (5.713899675940985e-09,-93318145.18365231) (-2.071751983283866e-09,33835394.97108241) (-12.42687580349197,0) (-5.943081764328198,0) (5.545563494369264,0) (24.25935018425793,0) (-32.20788256043465,0) (-24.66916784721614,0) (-37.64160913661645,0) (9.988348822377423,0) (-20.78774900724363,0) (-9.139943447066543,0) (0.1438069479614471,0) (13.14538944877118,0) (3.01879390332763,0) (14.04683658276493,0) (0.5556720524063339,0)
 (5.713899675940946e-09,-93318145.18365169) (-2.071751983284024e-09,33835394.971085) (-12.17731769275591,0) (-6.784156961509663,0) (5.335857914788048,0) (22.31810793459086,0) (-32.19150362715173,0) (-24.00980655900795,0) (-38.54984445452608,0) (10.98733694304306,0) (-20.55078384533791,0) (-9.662936589372322,0) (0.4027833978327002,0) (13.17112709537999,0) (1.6466938243018,0) (13.65719406869298,0) (1.041199612702777,0)
 (5.713899675940973e-09,-93318145.18365213) (-2.071751983283797e-09,33835394.97108128) (-12.65635978435087,0) (-5.888566184839439,0) (6.003733125835176,0) (21.82628046266074,0) (-31.22880514279418,0) (-24.00265089751061,0) (-38.09481221344276,0) (10.37627978593757,0) (-20.58720729763247,0) (-8.883368557488705,0) (0.4430699915980913,0) (13.88431468793018,0) (1.089634757543836,0) (13.89683204146315,0) (0.992013964790828,0)
 (5.713899675940967e-09,-93318145.18365204) (-2.071751983283858e-09,33835394.97108229) (-12.76383472924067,0) (-6.047530173751706,0) (5.24603862139478,0) (22.77521763010349,0) (-31.71460836084158,0) (-25.21453633756702,0) (-38.42782546349832,0) (10.31596031762328,0) (-20.38126415181924,0) (-9.377241806458022,0) (0.3644462221609006,0) (14.26640677143888,0) (1.591325379951799,0) (14.81169536853424,0) (1.000334355529522,0)
 (5.713899675940924e-09,-93318145.18365131) (-2.071751983284006e-09,33835394.9710847) (-10.94416168317023,0) (-6.667719547483623,0) (5.289341554144201,0) (24.37427038633955,0) (-32.12058124845473,0) (-24.50193028139281,0) (-37.39981926876165,0) (9.688347384793596,0) (-20.12390335599392,0) (-8.825450992316782,0) (0.3913620569689659,0) (13.0410413157756,0) (1.080298835747962,0) (13.45799514477081,0) (0.6294044070485071,0)
 (5.713899675940915e-09,-93318145.18365118) (-2.071751983284437e-09,33835394.97109176) (-8.87652230301501,0) (-7.797642557031853,0) (3.702151992740088,0) (24.26272829884219,0) (-29.46972823039206,0) (-20.5998744795774,0) (-38.55319908530268,0) (10.14499542978446,0) (-19.84231725730744,0) (-5.56113687943782,0) (-3.923593440303621,0) (8.987089394408429,0) (1.216153641266722,0) (8.963447604497368,0) (1.783333965087805,0)
 (5.713899675940907e-09,-93318145.18365103) (-2.071751983284237e-09,33835394.9710885) (-9.744631084498543,0) (-7.952809244349452,0) (4.074293400890936,0) (23.02823711135922,0) (-28.55828357320867,0) (-20.52868871229643,0) (-36.73117291915637,0) (8.777388603268598,0) (-17.37035934196962,0) (-4.775365263275441,0) (-2.267673832919861,0) (6.432726270623504,0) (1.281046176869617,0) (10.56992441866726,0) (1.945595661875883,0)
 (5.713899675940891e-09,-93318145.18365079) (-2.071751983284474e-09,33835394.97109237) (-9.253897545310638,0) (-8.770533962656804,0) (4.139939858316937,0) (23.68336942707223,0) (-30.04399322392049,0) (-20.67741671242523,0) (-38.43033675264876,0) (10.03938188176301,0) (-20.485686552177,0) (-5.75482906344996,0) (-4.85135686730167,0) (9.565397891312807,0) (1.319215922122648,0) (9.104897483418888,0) (1.484591165020287,0)
 (5.713899675940843e-09,-93318145.18365) (-2.071751983284517e-09,33835394.97109307) (-8.207445524656395,0) (-9.509242785651683,0) (4.48786519814371,0) (24.14461120356109,0) (-29.82459030452415,0) (-21.14688600922314,0) (-38.52875435395876,0) (9.696953012765135,0) (-20.08172796769661,0) (-5.499519694659686,0) (-4.708279937602078,0) (9.225297709219982,0) (1.587651769752564,0) (9.264002452070624,0) (1.721857246683514,0)
 (5.713899675940906e-09,-93318145.18365103) (-2.071751983284439e-09,33835394.97109181) (-9.257498250597154,0) (-8.140935110802491,0) (3.662867185308579,0) (24.1047911742699,0) (-30.02523515478215,0) (-20.92347289642786,0) (-39.09090750766281,0) (10.09035623500748,0) (-18.48587462892382,0) (-7.060418116679715,0) (-5.031033635538583,0) (7.586688051407275,0) (1.267481994240123,0) (9.957815360540906,0) (2.726310740576612,0)
 (5.71389967594096e-09,-93318145.18365191) (-2.071751983284229e-09,33835394.97108836) (-9.881910504301858,0) (-6.645857175499398,0) (4.407596505151577,0) (23.49898603711323,0) (-29.40921997394173,0) (-20.39101544828015,0) (-37.96297251351773,0) (10.20507088628723,0) (-19.9368498175664,0) (-5.883062769351672,0) (-2.362063015681026,0) (9.390365037286852,0) (1.678370617237628,0) (8.226824832628591,0) (2.326501348412737,0)
 (5.713899675940872e-09,-93318145.18365046) (-2.071751983284469e-09,33835394.97109229) (-8.96473793947747,0) (-8.909089223821901,0) (4.526519856106021,0) (23.47969058159825,0) (-30.4419308687398,0) (-20.96580077190942,0) (-39.25160325348156,0) (10.04305191761559,0) (-20.41100024954281,0) (-5.668650233229728,0) (-4.658779371535555,0) (8.563491389511428,0) (1.21711494285987,0) (9.805420449101435,0) (1.18271347303406,0)
 (5.713899675940914e-09,-93318145.18365116) (-2.071751983285156e-09,33835394.9711035) (-8.129876006621069,0) (-9.769285310438423,0) (3.067905796355424,0) (27.25000952167057,0) (-34.0099689418259,0) (-20.23372737823808,0) (-43.09172216091619,0) (12.40333856668207,0) (-22.78067100052175,0) (-13.72734422070386,0) (-7.292724369572599,0) (9.704341166122898,0) (1.550964587171674,0) (9.641961756357272,0) (1.284416500958114,0)
 (5.713899675940986e-09,-93318145.18365234) (-2.071751983284261e-09,33835394.97108889) (-9.636214956270033,0) (-6.734829598438159,0) (3.723917043975158,0) (25.39179604321077,0) (-28.22822770909094,0) (-20.35985298974904,0) (-38.38094438306257,0) (9.353893367303952,0) (-17.72934072349196,0) (-6.853264645450659,0) (-4.334911878139372,0) (7.653278068512289,0) (1.510040678935376,0) (10.92865207304601,0) (2.259811807216778,0)
 (5.713899675940987e-09,-93318145.18365234) (-2.071751983284083e-09,33835394.971086) (-10.50888451548895,0) (-6.717635538066987,0) (4.42160502260303,0) (24.41025162310602,0) (-28.30148924160642,0) (-20.38559416971533,0) (-36.98757726950606,0) (8.963693374740183,0) (-17.19780480608403,0) (-4.906132604480979,0) (-3.689086820476262,0) (7.653949018067925,0) (1.613616383313289,0) (10.84541653637685,0) (1.997938199726285,0)
 (5.713899675941017e-09,-93318145.18365283) (-2.071751983284135e-09,33835394.97108684) (-10.77221792851752,0) (-6.24418970091032,0) (3.603129179838711,0) (24.62853354186234,0) (-27.79811005818643,0) (-20.20625971701781,0) (-36.75237139343827,0) (9.00361021187355,0) (-18.92838415266863,0) (-3.427452618960667,0) (-4.011880519260544,0) (9.018747546239501,0) (1.556129089002865,0) (9.798994566543227,0) (1.529916864172736,0)
 (5.713899675940971e-09,-93318145.18365207) (-2.071751983284412e-09,33835394.97109135) (-9.975404507246683,0) (-7.736137784459287,0) (2.848813285438291,0) (24.7931934350155,0) (-27.52247515937091,0) (-19.96753697164885,0) (-36.50156900032567,0) (9.236813931800002,0) (-18.79110224533676,0) (-2.394834643353201,0) (-2.729381649015003,0) (8.064002913238475,0) (2.100191003770275,0) (9.737355890241435,0) (1.520560205888808,0)
 (5.713899675940953e-09,-93318145.18365179) (-2.071751983284181e-09,33835394.97108758) (-9.395891447203638,0) (-6.477152770389218,0) (3.29446233849644,0) (24.73846846179211,0) (-27.96193840607026,0) (-21.33393108015504,0) (-37.43186567803231,0) (9.16349512622323,0) (-18.13807797579581,0) (-4.434075415712721,0) (-3.769856349846375,0) (9.178687695819375,0) (1.662014306379672,0) (9.905085906696206,0) (1.807169015239343,0)
 (5.713899675941e-09,-93318145.18365256) (-2.071751983284128e-09,33835394.97108672) (-10.8836969336381,0) (-6.609273051164275,0) (4.245128099892548,0) (24.1518156244364,0) (-28.20185240353998,0) (-20.81632686862151,0) (-37.50549329063494,0) (9.992740223089198,0) (-18.88304030391882,0) (-3.677816523201484,0) (-2.964887542345453,0) (8.263620453602352,0) (1.970516073220583,0) (9.547117645222032,0) (3.02860024098986,0)
 (5.713899675940991e-09,-93318145.18365242) (-2.0717519832842e-09,33835394.9710879) (-9.8131822452848,0) (-6.332259720435569,0) (3.591302884419424,0) (24.89593691632765,0) (-27.64797933393724,0) (-20.61104670558903,0) (-37.54832930841832,0) (9.81482959902665,0) (-18.32058204141383,0) (-3.967509385749718,0) (-2.985025739575282,0) (8.572746964778924,0) (2.15854689608489,0) (9.474327914639021,0) (2.68778963644154,0)
 (5.713899675940972e-09,-93318145.18365212) (-2.071751983284451e-09,33835394.97109199) (-9.963023914923747,0) (-7.335679983474107,0) (2.517605158650278,0) (25.18134984008683,0) (-28.56216088209618,0) (-20.29979916058535,0) (-37.17306487246307,0) (8.897247908824673,0) (-18.76929492799959,0) (-4.165363613744685,0) (-2.434170749886177,0) (8.633452782260211,0) (2.463666436196032,0) (9.946402214413325,0) (2.070298751479737,0)
 (5.713899675941038e-09,-93318145.18365319) (-2.071751983284317e-09,33835394.9710898) (-11.39797726876287,0) (-6.215848822355385,0) (2.314464680390152,0) (24.18447525234698,0) (-28.16601184330209,0) (-20.00964802241235,0) (-36.45948640042965,0) (10.36487597939581,0) (-19.79893000263917,0) (-4.499142174143269,0) (-3.213490078331521,0) (10.95456512723621,0) (1.905718073603117,0) (9.141710526699212,0) (1.163476526689485,0)
 (5.71389967594101e-09,-93318145.18365271) (-2.071751983284338e-09,33835394.97109015) (-11.99716342084684,0) (-7.815157462477407,0) (3.42494023329244,0) (23.73475524111583,0) (-28.74794835539048,0) (-19.91860496559299,0) (-36.06754844596027,0) (9.836171515309395,0) (-19.31050316748567,0) (-4.05100743485191,0) (-3.242301267689562,0) (10.7606024565141,0) (2.151748008700691,0) (9.172558895561208,0) (1.465766288983539,0)
 (5.713899675941032e-09,-93318145.18365309) (-2.071751983284369e-09,33835394.97109064) (-11.25563750122062,0) (-7.161466496425521,0) (3.352412120697408,0) (24.45315939310052,0) (-28.17995649488495,0) (-19.57468874015515,0) (-37.20247897706408,0) (10.44684758445096,0) (-19.98852821656438,0) (-4.783470400877476,0) (-3.482145482724722,0) (9.981451439108145,0) (2.113275917120273,0) (9.975858331754049,0) (1.252661257242804,0)
 (5.713899675940963e-09,-93318145.18365197) (-2.071751983284456e-09,33835394.97109206) (-9.56935769235149,0) (-6.88722104462482,0) (1.699588150717719,0) (24.66458265898088,0) (-28.05379804555639,0) (-20.17865038854899,0) (-36.06588849744262,0) (9.316037136640631,0) (-20.29876802110657,0) (-4.418344695393297,0) (-3.68963361488499,0) (11.19652179166967,0) (1.705731538693158,0) (9.308921829577532,0) (1.235361308747225,0)
 (5.713899675940976e-09,-93318145.18365216) (-2.071751983284357e-09,33835394.97109044) (-10.82252057218724,0) (-7.550486227931344,0) (2.847889751274387,0) (23.81009198714099,0) (-28.04539863164437,0) (-20.3066044598127,0) (-36.00739115882207,0) (9.57237559418714,0) (-19.01319667479196,0) (-4.225217876528874,0) (-2.896627244316905,0) (11.62084012045966,0) (2.122846521513447,0) (8.544797738635665,0) (1.403266757788237,0)
 (5.713899675941024e-09,-93318145.18365297) (-2.071751983284379e-09,33835394.97109082) (-11.16974325930124,0) (-7.2052226659044,0) (2.881581564409373,0) (24.59180974652912,0) (-28.03647874375669,0) (-19.42085375171787,0) (-35.61662473808253,0) (10.32256690954864,0) (-19.98579011979408,0) (-3.698058871654925,0) (-3.537375938460134,0) (11.3375034034764,0) (2.908760743194245,0) (8.831201852190569,0) (0.9046317534084365,0)
 (5.713899675941007e-09,-93318145.18365268) (-2.071751983284443e-09,33835394.97109186) (-10.43109232073762,0) (-7.336425186164091,0) (3.336472284287528,0) (24.79654596554048,0) (-28.46603342246604,0) (-19.44180814962038,0) (-37.3919874602751,0) (10.19190948694638,0) (-20.43788129224134,0) (-5.154701038123726,0) (-4.087870988313171,0) (10.59564623408369,0) (2.284337268671701,0) (10.01362660289792,0) (1.28500096004803,0)
 (5.713899675941006e-09,-93318145.18365267) (-2.071751983284509e-09,33835394.97109292) (-9.82694982426862,0) (-6.661269494816599,0) (1.50754196447587,0) (25.78853441860504,0) (-28.11336904782085,0) (-19.85335003602952,0) (-36.23383375757457,0) (9.892047664118129,0) (-20.23528225319805,0) (-4.825540162826218,0) (-3.149123827722625,0) (10.56395273224269,0) (2.538510368950619,0) (9.461930124729797,0) (0.8586786928750549,0)
 (5.713899675940995e-09,-93318145.18365249) (-2.071751983284565e-09,33835394.97109386) (-10.3528833661286,0) (-7.687662365368438,0) (2.499356542246771,0) (25.72213744740105,0) (-29.01556061137141,0) (-21.01614001877541,0) (-39.55156675469024,0) (10.57908174173477,0) (-18.71181902336134,0) (-6.261336835644079,0) (-2.997282410478204,0) (8.783326441611949,0) (2.36636647775829,0) (10.04963572268944,0) (1.517639105110275,0)
 (5.713899675940991e-09,-93318145.18365242) (-2.071751983284375e-09,33835394.97109076) (-9.682355935851778,0) (-6.786934080868487,0) (2.943178136296221,0) (25.50244898346516,0) (-28.42055251082493,0) (-20.01987318813111,0) (-37.81256874141238,0) (9.504558672637131,0) (-17.51052122396975,0) (-7.374954884350144,0) (-3.1712837219026,0) (7.837069029997466,0) (2.705980717995977,0) (10.91151606880985,0) (1.978427732588095,0)
 (5.713899675940995e-09,-93318145.18365249) (-2.071751983284441e-09,33835394.97109183) (-10.04997455316052,0) (-7.259633340434511,0) (2.684281031891616,0) (25.89324713671249,0) (-28.23801916169358,0) (-21.02826000450034,0) (-38.23157185335621,0) (10.42145684902941,0) (-18.3826016341535,0) (-5.0015526027959,0) (-2.437048721174455,0) (8.218998841044076,0) (1.753716133036858,0) (9.349334019350909,0) (1.536381270886934,0)
 (5.713899675940986e-09,-93318145.18365233) (-2.071751983284597e-09,33835394.97109438) (-9.610412617657147,0) (-7.965654151954313,0) (2.941707400409598,0) (26.51144032089555,0) (-29.42132463770552,0) (-20.36713206076572,0) (-39.42839136987365,0) (10.61433132369026,0) (-17.67176300592739,0) (-9.326512090469327,0) (-4.128009300586589,0) (7.992958351822508,0) (2.218134139433433,0) (10.58820710955706,0) (1.484584003105569,0)
 (5.713899675940976e-09,-93318145.18365216) (-2.07175198328454e-09,33835394.97109345) (-10.4093947734714,0) (-7.799392868097725,0) (2.285877973963425,0) (24.70739473605632,0) (-28.79869097374828,0) (-21.06897290189537,0) (-39.0839318886514,0) (10.70795181138967,0) (-18.6417627645824,0) (-4.505835083620995,0) (-2.500065247716018,0) (7.77641187374435,0) (2.111741589420604,0) (10.46569302892251,0) (1.47575244750207,0)
 (5.713899675940991e-09,-93318145.18365242) (-2.071751983284512e-09,33835394.97109298) (-10.37041636515498,0) (-8.093441003047747,0) (3.313827177393745,0) (25.76344528231555,0) (-28.74744597042106,0) (-20.79557769264177,0) (-39.00650077234036,0) (10.19407254778167,0) (-18.27125947135446,0) (-5.469764342825512,0) (-2.196680001822535,0) (8.628906767315593,0) (1.680354525956326,0) (9.788436278765518,0) (1.475220278100426,0)
 (5.713899675941003e-09,-93318145.18365261) (-2.071751983284403e-09,33835394.97109122) (-10.11745896895261,0) (-7.083732341587063,0) (3.212458729522586,0) (26.07595189024186,0) (-28.89513246731644,0) (-20.68037276529506,0) (-38.45950382685428,0) (9.982244520651021,0) (-18.64222704226738,0) (-4.926367083527137,0) (-3.017712768552279,0) (8.621521338633851,0) (2.28801923763434,0) (9.858694719144513,0) (1.393683042350196,0)
 (5.713899675940948e-09,-93318145.18365172) (-2.071751983284607e-09,33835394.97109455) (-9.146469536198872,0) (-8.622280565350072,0) (3.255871697763872,0) (26.54895554977453,0) (-29.06867789783374,0) (-20.72316008340393,0) (-38.35697447767129,0) (10.06513894241722,0) (-19.05486620061994,0) (-5.832036362999948,0) (-3.681231589905332,0) (8.758832361455546,0) (2.130115909055371,0) (9.315967214320178,0) (0.8943195475593472,0)
 (5.713899675940965e-09,-93318145.183652) (-2.071751983284342e-09,33835394.97109022) (-10.06224112551424,0) (-7.129341918384808,0) (3.557413461025122,0) (25.16154602746385,0) (-28.54559597823388,0) (-21.76039918749893,0) (-37.32743697276151,0) (11.09966127015469,0) (-21.24447598432866,0) (-2.593836404373044,0) (-2.076783366026067,0) (8.053856446640637,0) (2.182619477714054,0) (8.055754774615952,0) (8.415012282199264,0)
 (5.713899675940982e-09,-93318145.18365227) (-2.071751983284293e-09,33835394.97108941) (-9.606748427255242,0) (-6.679574475521282,0) (3.690215081584486,0) (25.41860351072359,0) (-28.10019644321526,0) (-21.05095855885129,0) (-39.31846697184819,0) (9.310824824577798,0) (-18.02748322776534,0) (-4.099598485918002,0) (-2.156598082704942,0) (8.597504029182321,0) (2.965718042074844,0) (9.691648706163525,0) (3.416656561007898,0)
 (5.713899675940955e-09,-93318145.18365182) (-2.071751983284236e-09,33835394.97108849) (-9.25565117717338,0) (-6.563550697068439,0) (3.609773908151851,0) (24.52390989638296,0) (-27.79808980094484,0) (-21.5651220851115,0) (-39.81212194950718,0) (9.710872261567031,0) (-18.02670620908314,0) (-3.380763203336964,0) (-2.486693853395981,0) (7.973693696993428,0) (1.659216323711879,0) (9.258378545242305,0) (3.830824981945511,0)
 (5.713899675940953e-09,-93318145.1836518) (-2.071751983284448e-09,33835394.97109194) (-8.835001253520227,0) (-7.167599543319877,0) (2.937963054730846,0) (25.45797818344593,0) (-28.07726603914421,0) (-20.65200961860062,0) (-38.98901366874748,0) (9.30085181400019,0) (-18.51312963754922,0) (-4.736317165503466,0) (-3.030962012908937,0) (9.147553318592593,0) (2.035008944676139,0) (10.34000938419386,0) (2.340634236774214,0)
 (5.713899675940941e-09,-93318145.1836516) (-2.071751983284461e-09,33835394.97109216) (-8.887605813589492,0) (-7.264983969828082,0) (3.114437432920622,0) (25.26512536940242,0) (-28.8426368947566,0) (-21.43934675892376,0) (-40.47633589928754,0) (9.952999157781559,0) (-17.86346329567597,0) (-5.567866926894884,0) (-2.81410634411332,0) (8.995477370534168,0) (2.897780584280218,0) (9.07642443767956,0) (3.604566831848675,0)
 (5.713899675940982e-09,-93318145.18365228) (-2.071751983284315e-09,33835394.97108977) (-9.615333946987462,0) (-6.611693835941314,0) (3.56265646445252,0) (25.63154426762471,0) (-28.4387749240542,0) (-21.34930663326813,0) (-39.54733796227741,0) (9.530019871750717,0) (-17.93379707274844,0) (-5.704463312678021,0) (-2.483082418338066,0) (9.469471608877079,0) (3.042965197740318,0) (8.584783349299945,0) (3.383393413592967,0)
 (5.713899675940999e-09,-93318145.18365254) (-2.071751983284327e-09,33835394.97108998) (-9.562783216988203,0) (-6.808791529294362,0) (3.875004071457577,0) (26.19301769403148,0) (-28.02475561774181,0) (-20.66357023855241,0) (-39.1973785578078,0) (9.386606997080486,0) (-17.64162278451452,0) (-4.508158823812742,0) (-2.358418447272801,0) (8.616219200965533,0) (2.808622643054787,0) (8.988218506460584,0) (3.319593142568306,0)
 (5.713899675940962e-09,-93318145.18365195) (-2.071751983284553e-09,33835394.97109366) (-8.969732683894216,0) (-7.577078016902476,0) (2.797489582402502,0) (25.57022063173219,0) (-27.98590028055975,0) (-20.05960998927976,0) (-39.06580570008919,0) (9.1806562701716,0) (-18.6750403740834,0) (-5.438728583837495,0) (-3.048258960273226,0) (9.765748010983014,0) (2.432631253591815,0) (9.959968749293667,0) (2.349832509257237,0)
 (5.713899675940854e-09,-93318145.18365018) (-2.071751983284352e-09,33835394.97109038) (-8.020675127287939,0) (-6.029279350932781,0) (0.4716705567880014,0) (22.32330728953571,0) (-28.70155787126124,0) (-21.1868191878184,0) (-36.2993907637082,0) (8.049063927421354,0) (-17.78488395453151,0) (-4.214549585053724,0) (-3.605929565342057,0) (12.17846598539131,0) (2.297748338152862,0) (8.299173026501411,0) (1.557597074995574,0)
 (5.713899675940867e-09,-93318145.18365039) (-2.07175198328418e-09,33835394.97108757) (-8.512566785272719,0) (-5.521341632859576,0) (0.8151157677841397,0) (22.64850854162803,0) (-29.08371381214535,0) (-21.11501324237515,0) (-34.78365153391091,0) (7.041407421194954,0) (-15.94334618085532,0) (-5.865432253241901,0) (-4.532723655857042,0) (13.72666109358612,0) (1.970262108624924,0) (8.069936255390282,0) (1.532224008149511,0)
 (5.713899675940893e-09,-93318145.18365082) (-2.071751983284376e-09,33835394.97109076) (-8.256472825782879,0) (-5.580932541178037,0) (0.619882382233469,0) (23.13312845223339,0) (-29.33048053836362,0) (-20.76738129518798,0) (-36.65710557762651,0) (8.667254188285096,0) (-18.36486526918129,0) (-4.011210381653628,0) (-3.569721850154962,0) (10.83835790671446,0) (1.90881687245825,0) (9.232960542725353,0) (1.009946028600361,0)
 (5.713899675940885e-09,-93318145.18365067) (-2.071751983284255e-09,33835394.97108878) (-7.890078757698146,0) (-6.018508160448065,0) (2.250118359981019,0) (24.34464919852408,0) (-29.35421092368316,0) (-21.12867205836319,0) (-35.60113770334782,0) (8.494939815299494,0) (-19.02806705031318,0) (-3.576076173934566,0) (-3.449783560130063,0) (10.22223743532731,0) (1.953710224311549,0) (9.198922709944332,0) (0.6844685680475063,0)
 (5.713899675940874e-09,-93318145.18365051) (-2.071751983284389e-09,33835394.97109098) (-8.329703046478601,0) (-5.940301894397899,0) (0.4121954115268409,0) (22.96382366953321,0) (-29.51175874976867,0) (-21.24602386377702,0) (-36.26902622881526,0) (8.680075551308921,0) (-18.18135803478292,0) (-4.761426341201106,0) (-3.517635933925267,0) (11.47946792857211,0) (2.060773902239811,0) (8.662208884827445,0) (0.8440243008084239,0)
 (5.713899675940871e-09,-93318145.18365045) (-2.071751983284448e-09,33835394.97109196) (-8.189856512758466,0) (-6.258634831478522,0) (0.1523311975614333,0) (23.35387295847365,0) (-29.42326512828241,0) (-21.02885904920677,0) (-36.53774568980175,0) (8.308937099537781,0) (-16.33952322916491,0) (-8.029484982642355,0) (-4.903284120515806,0) (12.99144394177833,0) (1.810811730711701,0) (8.088010896505448,0) (1.331314733068314,0)
 (5.713899675940907e-09,-93318145.18365104) (-2.071751983284305e-09,33835394.97108961) (-8.76893697967345,0) (-5.479663884948027,0) (1.083987765191542,0) (23.04624269243389,0) (-29.83298121662022,0) (-20.69929041338696,0) (-36.59273912343186,0) (8.50421585380089,0) (-18.18395056192473,0) (-4.35162038918545,0) (-3.524777232202291,0) (10.76215041650519,0) (1.830950396913415,0) (9.207116230425649,0) (0.8330807201049707,0)
 (5.713899675940923e-09,-93318145.1836513) (-2.07175198328439e-09,33835394.97109099) (-8.422847037453536,0) (-5.997722757038284,0) (1.789178154974162,0) (24.3366897546416,0) (-29.51207132556058,0) (-20.32596026283588,0) (-36.60553553398516,0) (8.824866623814044,0) (-19.83493831558204,0) (-4.829001034911601,0) (-3.460416273213721,0) (10.42033272400932,0) (2.829251461461325,0) (9.502577328810657,0) (0.6686435288434682,0)
 (5.713899675940945e-09,-93318145.18365167) (-2.071751983284333e-09,33835394.97109005) (-10.55361084358745,0) (-7.504549882798377,0) (4.31519901073696,0) (23.33879948004356,0) (-29.73268854239237,0) (-21.01650378290361,0) (-38.53326761328407,0) (8.156952947913929,0) (-19.42428611319898,0) (-6.886714860980653,0) (0.5240037443144421,0) (12.91414380638157,0) (1.333858825899519,0) (11.72399000848,0) (3.010756317374787,0)
 (5.713899675940968e-09,-93318145.18365204) (-2.071751983284236e-09,33835394.97108846) (-11.60105982438609,0) (-7.538065297565907,0) (4.638169142305085,0) (22.57623589526257,0) (-29.3531715201139,0) (-21.24335236409426,0) (-38.36925020257305,0) (8.665352894556259,0) (-19.62083041543639,0) (-7.084729044349112,0) (0.2842483855234658,0) (13.02367140740618,0) (1.808815150730378,0) (11.80700128628109,0) (2.028899545543671,0)
 (5.713899675940954e-09,-93318145.18365182) (-2.07175198328426e-09,33835394.97108885) (-11.28244543582465,0) (-7.145536075435376,0) (3.790515240661875,0) (22.90594384913318,0) (-29.61004880800098,0) (-21.93286932461227,0) (-37.70676741847675,0) (8.916987847235111,0) (-19.96091102898187,0) (-7.022868050545608,0) (0.53282000246135,0) (14.13774929943124,0) (1.600038858867953,0) (11.65849074488693,0) (3.409159431014334,0)
 (5.713899675940949e-09,-93318145.18365173) (-2.071751983284325e-09,33835394.97108992) (-10.51822073392032,0) (-7.747721899101992,0) (4.650912536285,0) (24.14382571605055,0) (-29.82218074655267,0) (-21.58683262595036,0) (-38.65817156207373,0) (8.786718593440126,0) (-19.52713259134995,0) (-7.308415342537878,0) (0.2377237244708389,0) (12.3903106736187,0) (1.758582583099995,0) (12.06189371489887,0) (1.943329541013803,0)
 (5.713899675940953e-09,-93318145.1836518) (-2.071751983284237e-09,33835394.97108848) (-10.9402491753235,0) (-7.093637412896846,0) (4.397708965631519,0) (23.17039024838022,0) (-29.95776233307811,0) (-21.52775313419158,0) (-38.06397887757144,0) (8.583233131199927,0) (-19.67335977938782,0) (-7.24119380522203,0) (0.256544319275526,0) (13.20701126234313,0) (1.742218321766044,0) (11.3134256623202,0) (2.769437756842828,0)
 (5.713899675940974e-09,-93318145.18365215) (-2.071751983284234e-09,33835394.97108843) (-12.14208825709246,0) (-7.749102988340942,0) (4.535950692141805,0) (22.9072963507571,0) (-29.94400443325226,0) (-21.3717401546175,0) (-37.57558415733042,0) (8.594420118679553,0) (-19.29092194423568,0) (-6.500366932703268,0) (0.2225015751100154,0) (11.73402176483897,0) (1.678823274786108,0) (10.7347064076031,0) (2.004387857505569,0)
 (5.713899675940949e-09,-93318145.18365175) (-2.071751983284307e-09,33835394.97108962) (-11.35799214685768,0) (-7.589019826737329,0) (3.794404700719302,0) (23.31271738766383,0) (-30.06162876778464,0) (-21.92514792591032,0) (-37.48025559196902,0) (8.912006223707738,0) (-19.51809309116036,0) (-7.011643306106555,0) (0.2763077703828505,0) (13.10087526796884,0) (1.654031443830534,0) (11.21135885589281,0) (2.891407918009137,0)
 (5.713899675940932e-09,-93318145.18365145) (-2.071751983284463e-09,33835394.97109217) (-10.60033633896446,0) (-9.048028605406257,0) (4.387060199724591,0) (24.96203387107759,0) (-30.13845150019571,0) (-21.73168222570149,0) (-37.65505778733051,0) (9.346273653446094,0) (-18.82047451234791,0) (-6.766091487322961,0) (0.1732987893946511,0) (10.18280411592924,0) (1.608846512851731,0) (10.62007473507004,0) (1.68813486483802,0)
 (5.713899675940968e-09,-93318145.18365204) (-2.07175198328426e-09,33835394.97108887) (-7.581955120120478,0) (-5.510851901708848,0) (2.55204207393637,0) (26.41521267261136,0) (-26.11738140533335,0) (-21.24400603329532,0) (-38.81815195638868,0) (9.385405956450269,0) (-16.4583605166146,0) (-5.252126571920098,0) (-2.626410277617294,0) (10.29699847186617,0) (2.259222735245115,0) (8.59900677737407,0) (1.41788325342572,0)
 (5.713899675940916e-09,-93318145.18365119) (-2.071751983284336e-09,33835394.97109012) (-7.508963774616213,0) (-6.733150439147174,0) (2.654849340461634,0) (25.11376720817541,0) (-26.17264602941255,0) (-20.88800367751439,0) (-38.10494358672046,0) (8.748925423919674,0) (-17.15669125739911,0) (-4.761027071255962,0) (-3.194855460018734,0) (11.4124310121823,0) (2.129383037921995,0) (8.410562918329768,0) (1.385651424797732,0)
 (5.713899675940948e-09,-93318145.1836517) (-2.071751983284448e-09,33835394.97109194) (-8.037241605540068,0) (-7.133569495276902,0) (2.37685063780834,0) (26.25265141941712,0) (-26.37070817898866,0) (-21.05698306829399,0) (-38.63121097148424,0) (9.242727862680148,0) (-17.12758331965624,0) (-4.788599435224849,0) (-3.209586561483163,0) (10.04041998003062,0) (2.303460160737515,0) (9.371625276023252,0) (1.238201660152792,0)
 (5.713899675940938e-09,-93318145.18365155) (-2.071751983284311e-09,33835394.9710897) (-8.090279526469617,0) (-6.431098312584579,0) (2.333417354863341,0) (25.12140897496752,0) (-26.28155227885779,0) (-20.99673300644465,0) (-36.95051096238952,0) (9.239636465167612,0) (-18.27083869774289,0) (-4.317982501178879,0) (-2.658431727374901,0) (11.25932680766438,0) (2.544342289992701,0) (8.616931367153388,0) (0.8068743514708491,0)
 (5.713899675940931e-09,-93318145.18365143) (-2.07175198328437e-09,33835394.97109067) (-7.683828046374854,0) (-6.160366619983977,0) (1.602142694001121,0) (24.94328615198179,0) (-25.88527280350027,0) (-21.52019731922153,0) (-38.99107256338333,0) (9.590302141328058,0) (-17.08013070655029,0) (-4.964210297091206,0) (-2.981758577227057,0) (10.74726425151791,0) (2.214173602629629,0) (8.939409028845912,0) (1.408053975519082,0)
 (5.713899675940945e-09,-93318145.18365166) (-2.071751983284485e-09,33835394.97109255) (-8.118857931256503,0) (-6.749400683693157,0) (1.629166420800607,0) (25.09897101282487,0) (-26.26732542195681,0) (-20.8205529917607,0) (-38.4875530254271,0) (9.587633166862105,0) (-18.57439413644215,0) (-5.412097302533881,0) (-2.977187762806452,0) (10.57039840442758,0) (2.383622760673938,0) (9.16793684436767,0) (0.9714772950426089,0)
 (5.713899675940943e-09,-93318145.18365163) (-2.071751983284321e-09,33835394.97108986) (-8.341810457628331,0) (-6.187992213278824,0) (2.053988542106985,0) (24.20892482855045,0) (-26.0993252905951,0) (-20.89243090912042,0) (-38.70812557583687,0) (9.01829591001465,0) (-17.24034261446328,0) (-4.60491494381354,0) (-3.305156525573945,0) (11.34599506427993,0) (2.063645101309817,0) (8.752794023950299,0) (1.618195058387338,0)
 (5.713899675940895e-09,-93318145.18365084) (-2.071751983284571e-09,33835394.97109394) (-7.448392831469797,0) (-7.499231128942664,0) (2.030483722853683,0) (25.4535579305964,0) (-28.04227181687119,0) (-21.13747362010342,0) (-38.50266399272411,0) (9.696832547720847,0) (-18.18741425332796,0) (-6.061815760457018,0) (-2.908183207826625,0) (9.856799523730261,0) (2.739669355012577,0) (9.426380499927735,0) (0.7920500953526037,0)
 (5.71389967594091e-09,-93318145.1836511) (-2.071751983284476e-09,33835394.97109241) (-9.199321861518824,0) (-7.477023879512215,0) (1.86872684554768,0) (22.68933170858292,0) (-27.4795362618964,0) (-20.23654789322604,0) (-39.14073309499059,0) (7.512034993329682,0) (-18.64893012708427,0) (-4.637230188684117,0) (-5.144664378959517,0) (13.03390244357547,0) (1.478746834363074,0) (10.68477485839931,0) (1.736364589132993,0)
 (5.713899675940885e-09,-93318145.18365067) (-2.071751983284393e-09,33835394.97109105) (-9.552863272402455,0) (-8.128046441253362,0) (2.688525966472892,0) (22.36297449611255,0) (-28.10468092297939,0) (-21.05846424797931,0) (-38.50065366211732,0) (7.944344708994933,0) (-18.6778806735168,0) (-3.911870796692598,0) (-5.146776235062851,0) (12.14857121768889,0) (1.47645804042622,0) (10.45787584386228,0) (1.382181024455065,0)
 (5.713899675940917e-09,-93318145.18365121) (-2.071751983284379e-09,33835394.97109083) (-9.229338772486027,0) (-7.268817510472177,0) (2.437482105984718,0) (23.18179707287718,0) (-27.79020467901338,0) (-20.3360554035804,0) (-38.32700203957814,0) (7.687097214504607,0) (-18.77132938072474,0) (-4.131527014948115,0) (-5.524601123066342,0) (12.19739453368922,0) (1.785250789127533,0) (10.45903259107734,0) (1.456370044994908,0)
 (5.713899675940892e-09,-93318145.18365081) (-2.071751983284504e-09,33835394.97109286) (-9.080492614352151,0) (-7.74697958595261,0) (1.799377324460208,0) (23.0848104337844,0) (-28.49760046998462,0) (-20.88686540987187,0) (-39.0521832408801,0) (8.142122650316191,0) (-18.74105328845659,0) (-4.401648129973299,0) (-5.283913645479075,0) (12.43112779783948,0) (2.144860169187059,0) (10.56892288979723,0) (1.363036958935318,0)
 (5.713899675940933e-09,-93318145.18365146) (-2.07175198328443e-09,33835394.97109164) (-9.392549994426968,0) (-7.475113669180368,0) (2.561174865848338,0) (23.71974557421413,0) (-27.91716489085139,0) (-20.57576439892823,0) (-39.13515156984489,0) (8.327856996287467,0) (-18.69927812797473,0) (-4.131671968938211,0) (-4.297578528110418,0) (10.10703104463609,0) (1.532666830186734,0) (11.38731884284231,0) (1.458349262587916,0)
 (5.713899675940924e-09,-93318145.18365133) (-2.071751983284442e-09,33835394.97109185) (-9.304875272427838,0) (-7.523625100800838,0) (2.343565247543763,0) (23.93451956200059,0) (-28.19285875151615,0) (-20.562808163794,0) (-38.44255159086973,0) (8.118092920222551,0) (-19.06503942309807,0) (-3.960054812533871,0) (-4.903821921398361,0) (10.8186037823341,0) (1.3025505223883,0) (10.80578436069414,0) (1.580393305338451,0)
 (5.713899675940902e-09,-93318145.18365097) (-2.071751983284497e-09,33835394.97109275) (-9.133221904398075,0) (-8.047100150530484,0) (2.290591102442635,0) (24.01736365723777,0) (-28.3374899710348,0) (-21.10915109875459,0) (-39.04692506291473,0) (7.914094136428405,0) (-19.10804473349933,0) (-4.555959469122355,0) (-5.16028581708935,0) (11.19649111670083,0) (1.674989408551875,0) (11.14991818492709,0) (1.606953185616323,0)
 (5.713899675940917e-09,-93318145.18365119) (-2.071751983284571e-09,33835394.97109395) (-8.744084609404007,0) (-7.501630515842311,0) (1.684965625263771,0) (24.21741923721794,0) (-28.42474377811897,0) (-20.64212665096031,0) (-39.29969767691665,0) (8.643240132454739,0) (-19.29033363920819,0) (-4.753011184904514,0) (-4.737369128697534,0) (10.75346705736195,0) (1.590886103805152,0) (10.69604724980835,0) (1.45468814687367,0)
 (5.713899675940928e-09,-93318145.18365137) (-2.071751983284187e-09,33835394.97108768) (-9.558520416159183,0) (-7.877498475778909,0) (5.441801424933542,0) (23.79970239850602,0) (-29.18669812259824,0) (-20.8544888969439,0) (-38.81443111885137,0) (10.3131372252301,0) (-17.43319932787058,0) (-7.019440722273462,0) (-3.773915078195924,0) (7.231631461019302,0) (1.651091460107886,0) (9.787365540171711,0) (1.134591736066723,0)
 (5.713899675940975e-09,-93318145.18365215) (-2.071751983284259e-09,33835394.97108884) (-10.43879833488645,0) (-7.590002033739556,0) (5.193699037372752,0) (23.28194062661266,0) (-29.47515842244714,0) (-19.54840570084566,0) (-37.84993194175085,0) (11.13874386513414,0) (-19.81996817973215,0) (-4.769340981262335,0) (-3.245142269442869,0) (8.683285033813059,0) (1.355710432081439,0) (8.6017617213473,0) (0.8608166531905875,0)
 (5.713899675940995e-09,-93318145.18365248) (-2.071751983284198e-09,33835394.97108787) (-10.9579220131491,0) (-7.673962450904784,0) (5.393958411645633,0) (24.80775520821204,0) (-29.76320140280696,0) (-20.89013001989566,0) (-39.60425610619923,0) (10.63023034523077,0) (-16.84853427408309,0) (-8.598804796613416,0) (-4.757248869395627,0) (7.665646415512645,0) (2.218577644487087,0) (9.502400160246911,0) (1.121641553006505,0)
 (5.713899675940882e-09,-93318145.18365063) (-2.071751983284513e-09,33835394.97109301) (-9.735697299156145,0) (-10.01042934687594,0) (4.712725646624342,0) (24.8878374652386,0) (-31.01418039635337,0) (-21.43418570723481,0) (-39.04571668675819,0) (9.768189724964509,0) (-17.10661241609712,0) (-8.169101576091892,0) (-4.828640819950451,0) (7.850946371682877,0) (1.837612533221335,0) (9.403927996987232,0) (0.8995011936737127,0)
 (5.713899675940982e-09,-93318145.18365228) (-2.071751983283987e-09,33835394.97108442) (-10.22141296217305,0) (-6.926084888198702,0) (7.001265643183059,0) (23.13229210444318,0) (-28.61223346238012,0) (-19.99841916137175,0) (-38.43717158092416,0) (11.04873795293022,0) (-19.73300367304619,0) (-4.867103132059262,0) (-2.93818119509529,0) (8.767305898113227,0) (1.902313578567684,0) (8.905514502781319,0) (0.9150463032320589,0)
 (5.713899675940973e-09,-93318145.18365213) (-2.071751983284132e-09,33835394.97108678) (-10.12207905304256,0) (-7.621052895542854,0) (6.18283875641302,0) (23.74787634705731,0) (-28.5427284842177,0) (-19.5663605536441,0) (-37.18702553271459,0) (10.73132931842363,0) (-19.24207697809606,0) (-4.340636310179394,0) (-3.265231933460863,0) (9.388699388459219,0) (2.624048516605979,0) (8.23450957289886,0) (0.9123370694468714,0)
 (5.71389967594094e-09,-93318145.18365158) (-2.071751983284171e-09,33835394.97108742) (-9.465031108052147,0) (-7.976298746717259,0) (5.963698165012504,0) (24.00828899354348,0) (-28.27841657791074,0) (-20.46580358518048,0) (-37.47978164710916,0) (10.76248777729919,0) (-19.72553049799275,0) (-4.631399295761009,0) (-3.734047287462349,0) (9.074751179459968,0) (1.685012752791337,0) (8.481450033905801,0) (0.759306888326216,0)
 (5.713899675940942e-09,-93318145.18365161) (-2.071751983284328e-09,33835394.97108997) (-10.89435526950299,0) (-8.765310713215152,0) (5.208961540099177,0) (23.29009805117849,0) (-30.35769550824946,0) (-20.22126446911328,0) (-37.48882348471677,0) (10.52265709329281,0) (-20.00109243343523,0) (-4.454092936070571,0) (-3.751238641891641,0) (8.182629662547713,0) (2.113686494506049,0) (9.031553886686364,0) (0.6239070362403635,0)
 (5.713899675941013e-09,-93318145.18365277) (-2.071751983284311e-09,33835394.97108971) (-11.06697120180084,0) (-7.23354298745932,0) (3.334331535059747,0) (24.0834411257174,0) (-27.52142295131127,0) (-19.82083494748031,0) (-37.56996309806856,0) (9.504937585494291,0) (-17.46299461077839,0) (-7.038811941537504,0) (-2.166526494733088,0) (8.382506964255148,0) (3.302612385977473,0) (11.72220291236735,0) (2.254754594401844,0)
 (5.713899675941005e-09,-93318145.18365265) (-2.0717519832843e-09,33835394.97108953) (-10.98645429912101,0) (-7.318460511807845,0) (3.511757542183479,0) (23.5205622712428,0) (-27.11109543741271,0) (-19.48469417253235,0) (-37.59460522109804,0) (9.002841510474099,0) (-17.66699505862279,0) (-6.485139053203426,0) (-2.06290066221229,0) (8.508652303227318,0) (2.207000925504795,0) (11.88621124484282,0) (2.307119921681691,0)
 (5.713899675940996e-09,-93318145.18365251) (-2.071751983284341e-09,33835394.97109021) (-10.86129523426145,0) (-7.647777788338507,0) (3.724571636447748,0) (24.26924302204172,0) (-28.0373143231884,0) (-19.74829651005146,0) (-37.36134309695923,0) (9.265437673269521,0) (-17.9766263537054,0) (-6.768127891934091,0) (-2.225818886013085,0) (8.201622584928817,0) (1.844826799732078,0) (11.62504747647991,0) (2.904139398401187,0)
 (5.71389967594099e-09,-93318145.18365239) (-2.071751983284337e-09,33835394.97109012) (-10.55500633939067,0) (-7.587685261980496,0) (3.880134725815006,0) (25.04632473914775,0) (-28.33051899319974,0) (-20.78558510458343,0) (-37.95983444755426,0) (9.843327778930995,0) (-18.38871027703948,0) (-3.752548832788868,0) (-1.180214833541345,0) (7.689540124205459,0) (2.188793918955739,0) (11.1628736113602,0) (2.38783617026658,0)
 (5.713899675941014e-09,-93318145.18365279) (-2.071751983284326e-09,33835394.97108994) (-11.66990333617046,0) (-7.526296723931909,0) (3.65892463383593,0) (24.40662087969679,0) (-28.00391640814238,0) (-21.30834761117264,0) (-37.75037765495146,0) (10.76788090317029,0) (-19.68857837160721,0) (-3.656426249441232,0) (-0.8037258002153026,0) (8.474632730925171,0) (2.418666748779692,0) (10.59180760193762,0) (4.696278090774362,0)
 (5.713899675941043e-09,-93318145.18365328) (-2.071751983284471e-09,33835394.97109233) (-11.2445160969696,0) (-7.44314556700411,0) (3.50138285007763,0) (24.78746568847631,0) (-28.42798453525646,0) (-19.22140986320509,0) (-38.97028203043098,0) (10.48539449913964,0) (-18.34492067828858,0) (-9.117641288741435,0) (-2.842633363330042,0) (8.852564805598414,0) (3.211103616020732,0) (11.16087717431249,0) (2.644836467440871,0)
 (5.713899675941001e-09,-93318145.18365259) (-2.071751983284351e-09,33835394.97109035) (-11.02457824931896,0) (-7.55701766450571,0) (3.865267999548153,0) (23.67459394634733,0) (-28.27716611633733,0) (-19.60057149269188,0) (-38.32039016804354,0) (9.734483548039345,0) (-17.72884616663972,0) (-7.741137746279908,0) (-2.558110784053963,0) (8.809840864489896,0) (1.794222689766142,0) (11.55216624840747,0) (2.252327032788766,0)
 (5.713899675940958e-09,-93318145.18365188) (-2.071751983284438e-09,33835394.97109178) (-9.917248142175572,0) (-7.919661205645825,0) (3.398525482896593,0) (24.78060974808361,0) (-28.07656457080676,0) (-20.51200816465814,0) (-37.15486160975926,0) (9.611946846696727,0) (-19.520032913861,0) (-3.472932137179061,0) (-1.450473707955772,0) (8.647916086860006,0) (1.677786532210489,0) (10.63324236212749,0) (3.598268259599038,0)
 (5.713899675941065e-09,-93318145.18365362) (-2.071751983284439e-09,33835394.97109178) (-11.22001417995845,0) (-5.812841535288826,0) (1.956167106896867,0) (24.02738915529913,0) (-28.15370409598946,0) (-18.66989198173223,0) (-38.41348708919344,0) (9.550673296388931,0) (-19.61737822642181,0) (-4.645802362486504,0) (-2.667975043156833,0) (10.15864117375193,0) (2.452665178384299,0) (10.26252755297501,0) (1.575009144355472,0)
 (5.713899675941015e-09,-93318145.1836528) (-2.071751983284336e-09,33835394.97109011) (-11.04616269666092,0) (-5.90478858565033,0) (2.201649055212374,0) (23.2926244443187,0) (-28.70881004785495,0) (-19.7251456900816,0) (-37.92168329928522,0) (8.520002785376924,0) (-19.27489012761821,0) (-4.677597369222862,0) (-1.594147128173383,0) (11.16857668970758,0) (2.140555565614484,0) (10.32696964714797,0) (1.689498158137569,0)
 (5.713899675941029e-09,-93318145.18365304) (-2.071751983284343e-09,33835394.97109023) (-11.06800642609751,0) (-6.041463928334947,0) (2.343846593106681,0) (23.50239112035603,0) (-28.31180724260864,0) (-19.05482125800668,0) (-37.79809261507408,0) (8.688223976989351,0) (-19.01449516498188,0) (-3.761218856875098,0) (-2.900866920773156,0) (11.10074503765801,0) (2.512082926844864,0) (9.668743935422455,0) (1.316673390580909,0)
 (5.713899675941015e-09,-93318145.18365282) (-2.071751983284312e-09,33835394.97108972) (-10.67528965634541,0) (-5.938423118562496,0) (2.937968116589466,0) (23.6326989079798,0) (-29.25255542225297,0) (-18.98100084294118,0) (-37.53748595100703,0) (8.854259216436741,0) (-20.01314828334451,0) (-4.497014727072295,0) (-3.090479412169645,0) (10.72180218660815,0) (2.277532068078977,0) (10.47458910073268,0) (1.18069664314791,0)
 (5.713899675941008e-09,-93318145.1836527) (-2.071751983284272e-09,33835394.97108907) (-10.2724437632562,0) (-5.775959829808154,0) (3.142628748041873,0) (23.86315731352803,0) (-28.53303631241958,0) (-19.74047210626857,0) (-38.11237568059164,0) (9.061178398108073,0) (-18.94786193449024,0) (-4.682959753774296,0) (-1.191187172118393,0) (10.23892336541619,0) (2.174470942093987,0) (10.23666749667522,0) (1.916448468310822,0)
 (5.713899675941021e-09,-93318145.18365291) (-2.071751983284284e-09,33835394.97108926) (-10.97053643807298,0) (-6.157392045763136,0) (3.452637200412668,0) (23.24560253984591,0) (-28.74072820623169,0) (-19.26089224336131,0) (-38.50636568235855,0) (9.251714344575777,0) (-19.47083330711929,0) (-3.888977386568767,0) (-2.19494270454919,0) (9.571103839296896,0) (2.357311529271656,0) (10.82977832457275,0) (1.395307905069096,0)
 (5.713899675941017e-09,-93318145.18365285) (-2.071751983284355e-09,33835394.97109041) (-10.57340927258572,0) (-5.916717041310631,0) (2.879286801177767,0) (23.33048964689947,0) (-29.04668851484401,0) (-18.96551089174273,0) (-38.67512940920807,0) (9.226620452682925,0) (-19.564524720692,0) (-4.485625544695006,0) (-2.155322243523137,0) (10.28285934527445,0) (2.38934524172945,0) (10.83142063791894,0) (1.733690709422472,0)
 (5.713899675940986e-09,-93318145.18365233) (-2.071751983284268e-09,33835394.97108901) (-10.10747742685069,0) (-6.220484143196253,0) (3.501403167970013,0) (23.27490712244484,0) (-28.72745769230318,0) (-19.46689676018774,0) (-38.15762023314661,0) (9.029210114168963,0) (-19.63213108633247,0) (-4.46478346498335,0) (-2.854015680713882,0) (9.946878799727591,0) (2.449132099078955,0) (10.71832101089921,0) (1.292275810951575,0)
 (5.713899675941041e-09,-93318145.18365322) (-2.071751983284362e-09,33835394.97109053) (-9.913245582604583,0) (-5.736859909670002,0) (3.401864333939336,0) (25.1701134335448,0) (-28.95977784068761,0) (-19.01701354188867,0) (-38.80828827704705,0) (10.58352721211267,0) (-19.95417000695423,0) (-7.126421172682629,0) (-4.133506582711604,0) (10.17270571461725,0) (2.5208772041887,0) (9.350464420002325,0) (1.326385253287207,0)
 (5.713899675941062e-09,-93318145.18365358) (-2.071751983284358e-09,33835394.97109046) (-10.75366021401313,0) (-5.94686474685383,0) (3.30526783570452,0) (25.0417717028566,0) (-28.9699030414295,0) (-19.09926887900003,0) (-38.96405589976422,0) (10.74131873697851,0) (-19.98761029283896,0) (-6.387888593197,0) (-3.986858351746716,0) (9.328688536831375,0) (3.535416084740605,0) (9.639176778321497,0) (1.154865645026684,0)
 (5.713899675941021e-09,-93318145.18365291) (-2.071751983284259e-09,33835394.97108885) (-10.20492052944526,0) (-5.388880021388648,0) (2.518405775730112,0) (24.49822075163654,0) (-28.61339554070673,0) (-20.05082103436093,0) (-38.20594895160808,0) (9.962476786371933,0) (-19.26385080334233,0) (-5.822353941927399,0) (-4.66873098236736,0) (10.7417211871666,0) (3.398765481393257,0) (9.269454286798549,0) (1.154301067826185,0)
 (5.713899675940971e-09,-93318145.18365209) (-2.071751983284362e-09,33835394.97109053) (-9.620709001902947,0) (-6.493662663858132,0) (2.814064687059183,0) (24.34239676897437,0) (-28.93100105461785,0) (-20.05399344418484,0) (-38.31460154272226,0) (8.946434643951164,0) (-19.97106961827584,0) (-5.667431399662297,0) (-4.85135828206237,0) (10.86285301423392,0) (3.7308011890193,0) (10.18874162525467,0) (1.018551327648573,0)
 (5.713899675941053e-09,-93318145.18365341) (-2.071751983284207e-09,33835394.971088) (-10.50929876967066,0) (-4.92060721666017,0) (2.896442244044876,0) (25.21695453258939,0) (-29.08638739996388,0) (-19.72954582598556,0) (-37.76719086248434,0) (9.767443757190252,0) (-19.67770044167258,0) (-6.180981253681066,0) (-4.590645539758994,0) (10.27133333042244,0) (3.39083077044551,0) (9.422807439795285,0) (1.220314163572421,0)
 (5.713899675941024e-09,-93318145.18365294) (-2.071751983284242e-09,33835394.97108857) (-10.50645955714692,0) (-5.824812341239447,0) (3.128924167413171,0) (23.70595243381943,0) (-28.15129566492297,0) (-19.3733064097892,0) (-37.8399829408404,0) (10.04577417967683,0) (-18.98887771692376,0) (-5.411038962325783,0) (-3.888051499558486,0) (10.79187874376755,0) (3.722970913958682,0) (8.604049186846749,0) (1.035786911965865,0)
 (5.713899675941045e-09,-93318145.1836533) (-2.07175198328421e-09,33835394.97108805) (-10.47163659311708,0) (-5.566700040529782,0) (3.848183452431918,0) (24.85661034193415,0) (-29.01572305444333,0) (-19.21016851897702,0) (-38.28576061033782,0) (9.922850375576569,0) (-20.05738878327778,0) (-4.996792036584782,0) (-4.615189753937873,0) (9.542536042929903,0) (3.404509983687194,0) (10.2401169033946,0) (1.338255255135218,0)
 (5.713899675941048e-09,-93318145.18365334) (-2.071751983284329e-09,33835394.97109) (-10.60403755070423,0) (-5.377620769926284,0) (2.565364587188147,0) (24.63573540106702,0) (-29.3242596696427,0) (-18.98038397190568,0) (-38.18185225276486,0) (9.436781164613214,0) (-20.23640927843809,0) (-5.329715626845872,0) (-4.237300530418648,0) (9.490503044199006,0) (3.090139142210591,0) (10.04177952588972,0) (0.9531234981885517,0)
 (5.713899675940985e-09,-93318145.18365231) (-2.07175198328423e-09,33835394.97108839) (-10.29759438763939,0) (-6.474024839185041,0) (3.051576742494718,0) (23.87776051125596,0) (-27.61249242525668,0) (-20.89894582925679,0) (-38.40165360103047,0) (9.881299576011919,0) (-18.96875017651296,0) (-1.224399909285881,0) (-3.359973820915471,0) (8.049797952566236,0) (2.912785647572,0) (10.06917872548857,0) (2.637557215244261,0)
 (5.713899675941013e-09,-93318145.18365277) (-2.071751983284196e-09,33835394.97108782) (-11.26552378482569,0) (-6.649820222056858,0) (3.514845104636076,0) (23.43505609274966,0) (-27.56330977913759,0) (-20.50018135910715,0) (-38.33017790396492,0) (9.584502620906202,0) (-19.14009833453941,0) (-2.4875669794967,0) (-3.470386185107888,0) (8.473056175723666,0) (2.662410414193497,0) (9.91297059805388,0) (1.214865279540305,0)
 (5.713899675941024e-09,-93318145.18365295) (-2.071751983284187e-09,33835394.97108768) (-11.07523961702603,0) (-6.260618149686636,0) (3.295097853895459,0) (23.42175324359314,0) (-27.20426341158574,0) (-20.17505889454818,0) (-38.49140871377943,0) (10.12418025142199,0) (-18.90883026713983,0) (-1.027533719861598,0) (-3.264446879440058,0) (7.57629636313829,0) (3.500586866538607,0) (10.05132819697959,0) (2.288071578639848,0)
 (5.713899675941048e-09,-93318145.18365334) (-2.071751983284342e-09,33835394.97109021) (-11.22947958051188,0) (-6.393673958584698,0) (1.858650988761166,0) (24.94710497199721,0) (-26.81787082306799,0) (-20.3323009021258,0) (-38.292570181721,0) (9.507260392495157,0) (-18.59372547867101,0) (-1.572590153338957,0) (-3.905002031215655,0) (7.713957760068683,0) (2.866366133921728,0) (10.57167080477508,0) (1.681972181556208,0)
 (5.713899675940952e-09,-93318145.18365178) (-2.071751983284221e-09,33835394.97108825) (-10.02504437059184,0) (-7.331282463766449,0) (3.471223157201099,0) (23.45472453887308,0) (-27.40631444746019,0) (-20.1047380901858,0) (-37.66877400664299,0) (8.517380101469858,0) (-16.08524011156357,0) (-4.727096494268171,0) (-3.813973270594291,0) (7.463283217804051,0) (3.785571932787785,0) (10.63782210294699,0) (1.500485505410226,0)
 (5.713899675941018e-09,-93318145.18365285) (-2.071751983284299e-09,33835394.9710895) (-10.85961428695109,0) (-7.069414802359408,0) (3.459961697437266,0) (24.52410900976334,0) (-27.58269722727894,0) (-20.05833417051668,0) (-38.02980924999997,0) (9.620080667811333,0) (-19.67977029419424,0) (-2.322226417526343,0) (-3.98601963574921,0) (8.525051159379123,0) (2.803484405247711,0) (10.50323326338185,0) (0.7993877623230125,0)
 (5.713899675940961e-09,-93318145.18365192) (-2.071751983284283e-09,33835394.97108926) (-10.91513887779105,0) (-8.29485577609727,0) (3.255582933430344,0) (23.71237981005832,0) (-27.10419978566478,0) (-20.05643727773181,0) (-36.94190871392516,0) (7.798066589262422,0) (-15.45270640342375,0) (-3.300100574004587,0) (-3.717760291272713,0) (6.76205041207114,0) (2.967828997840939,0) (10.69935294864907,0) (1.119259680196864,0)
 (5.713899675941022e-09,-93318145.18365292) (-2.071751983284389e-09,33835394.97109098) (-10.55229533374742,0) (-6.823577332198107,0) (2.326269989432106,0) (25.46442763155581,0) (-27.38127911766638,0) (-20.0709130510766,0) (-38.42656424362188,0) (8.657082954677312,0) (-18.57686741580477,0) (-2.43206839969075,0) (-4.593387612742646,0) (8.459454421292788,0) (2.934424143909596,0) (10.48327655825817,0) (2.029752200713515,0)
 (5.71389967594101e-09,-93318145.18365273) (-2.071751983284226e-09,33835394.97108831) (-9.644922306137396,0) (-5.631223345009782,0) (3.213576711086326,0) (24.39881388353436,0) (-26.9699574828055,0) (-20.05589942991863,0) (-39.83571985139823,0) (8.447795087254548,0) (-17.21409546074867,0) (-4.893228443912813,0) (-2.479258906804787,0) (10.71242150568838,0) (2.173673164091317,0) (9.262857053252869,0) (2.211504193510209,0)
 (5.713899675941034e-09,-93318145.18365312) (-2.071751983284276e-09,33835394.97108913) (-9.810079068043269,0) (-5.450089942021382,0) (3.073776105421478,0) (25.04094853189843,0) (-27.29656206802389,0) (-19.66518617074726,0) (-39.0174004764637,0) (8.765057194838166,0) (-17.83209035862295,0) (-5.457598772260879,0) (-1.394003070310041,0) (10.23337852565278,0) (2.528327224252799,0) (9.573446112406675,0) (2.032664754569049,0)
 (5.713899675941015e-09,-93318145.1836528) (-2.07175198328416e-09,33835394.97108724) (-9.259434990800257,0) (-5.315383248217222,0) (3.882685390523426,0) (25.04634431218632,0) (-27.0626794092038,0) (-20.30759259844937,0) (-40.09001926849641,0) (8.591001911107726,0) (-17.65071207692653,0) (-4.887181022807663,0) (-1.811415287270839,0) (9.562226463603594,0) (2.02655143766841,0) (9.844657103913075,0) (2.4284187411568,0)
 (5.713899675941006e-09,-93318145.18365267) (-2.071751983284259e-09,33835394.97108886) (-10.22853516253678,0) (-6.648878851219733,0) (4.362947509280409,0) (24.42686169005885,0) (-28.51739898536366,0) (-19.46646979983454,0) (-39.36429148535635,0) (8.591570891407065,0) (-17.9839889392187,0) (-4.807733183185064,0) (-2.943728221532469,0) (9.820337920874053,0) (2.180349679072805,0) (9.64989692099981,0) (2.008254859220014,0)
 (5.713899675941022e-09,-93318145.18365292) (-2.071751983284262e-09,33835394.9710889) (-9.643705842539001,0) (-5.688012285701798,0) (3.378840777346859,0) (25.43388365978806,0) (-27.50082492181365,0) (-19.98034890189843,0) (-38.96703062327382,0) (8.440775121226489,0) (-17.66670992883308,0) (-5.612636861293322,0) (-1.398183287404786,0) (10.74889339429534,0) (2.606143838806863,0) (9.204472219361913,0) (2.429191340589225,0)
 (5.713899675940972e-09,-93318145.18365212) (-2.071751983284245e-09,33835394.97108863) (-9.349522611829343,0) (-6.740302732009434,0) (4.416647523133356,0) (23.93658485096399,0) (-27.41225421963667,0) (-19.79498538882707,0) (-39.0916133898204,0) (9.079774214332469,0) (-17.76978001754754,0) (-5.250825762790567,0) (-2.153040183675926,0) (10.31398973468494,0) (3.39127628540409,0) (8.834893966166728,0) (2.023306116917593,0)
 (5.713899675940957e-09,-93318145.18365186) (-2.07175198328413e-09,33835394.97108674) (-9.137872510926416,0) (-6.159623774354211,0) (4.367746142908295,0) (23.58625708209009,0) (-27.27419835853516,0) (-20.5817151358433,0) (-39.38054624995678,0) (8.459731103067758,0) (-17.55196314219311,0) (-5.116577948459229,0) (-2.044075870923564,0) (10.87438681923192,0) (2.336736017589192,0) (8.839111984643903,0) (2.324628385917635,0)
 (5.713899675940985e-09,-93318145.18365231) (-2.071751983284134e-09,33835394.97108681) (-10.19267932339674,0) (-6.376874586017364,0) (4.405599661562799,0) (23.76299472443116,0) (-28.06485230497743,0) (-20.25114278009574,0) (-38.76026487119617,0) (8.508427428843884,0) (-17.43683711795507,0) (-5.049815018848596,0) (-2.882994213761258,0) (10.55406825213218,0) (3.231410889963467,0) (8.823487276610397,0) (1.640967528090149,0)
 (5.713899675941019e-09,-93318145.18365286) (-2.071751983284237e-09,33835394.9710885) (-9.478831817533957,0) (-5.348355085775434,0) (3.915837015522861,0) (24.68586471410685,0) (-28.47939813784711,0) (-19.9892535673918,0) (-40.28500253730765,0) (10.88172562758883,0) (-19.1640353245278,0) (-5.565873603318689,0) (-4.237304871939309,0) (9.410308581527485,0) (3.798012634147761,0) (9.199450730878487,0) (3.681510677862663,0)
 (5.713899675941023e-09,-93318145.18365292) (-2.07175198328412e-09,33835394.97108659) (-9.832113679676798,0) (-5.271279129723514,0) (4.595570321783168,0) (24.01564065881107,0) (-28.41108079020304,0) (-19.69716128223356,0) (-39.67047903842359,0) (10.71149151326199,0) (-19.73744305982534,0) (-5.340604373244229,0) (-4.619060812171116,0) (10.17409877303122,0) (4.107444693329907,0) (9.409084528772674,0) (3.261868212239873,0)
 (5.713899675941055e-09,-93318145.18365346) (-2.07175198328425e-09,33835394.97108872) (-9.925802512212117,0) (-4.925561384919998,0) (3.377773288579008,0) (24.07234324887787,0) (-27.75638452442059,0) (-18.63368318903099,0) (-39.91029027956716,0) (10.46854645841972,0) (-19.33607824054772,0) (-4.505011388971798,0) (-4.185448404864472,0) (10.03702263374613,0) (3.142667067330102,0) (9.396735947493024,0) (3.395880942057372,0)
 (5.713899675941063e-09,-93318145.18365359) (-2.071751983284241e-09,33835394.97108857) (-11.18983625189262,0) (-5.515378572322065,0) (3.42940081044315,0) (24.37726351930863,0) (-28.81453380337807,0) (-19.21807851597806,0) (-39.44837946435693,0) (9.340496188683405,0) (-19.82167822999849,0) (-4.999313460366542,0) (-5.5241509618316,0) (10.56190079673143,0) (3.073898210491575,0) (10.28989497591306,0) (2.71535351110568,0)
 (5.713899675941019e-09,-93318145.18365288) (-2.071751983284213e-09,33835394.97108811) (-9.111588562032033,0) (-5.102474254187786,0) (3.644932863635954,0) (24.80433419790459,0) (-28.16943226192596,0) (-18.54311090401609,0) (-37.79369279162869,0) (9.77935783703521,0) (-18.32512345952727,0) (-8.754877600024839,0) (-5.26197490619518,0) (12.03288681597135,0) (3.531500669392622,0) (7.588842666230547,0) (4.101939868113925,0)
 (5.713899675941067e-09,-93318145.18365367) (-2.071751983284024e-09,33835394.97108503) (-10.14807544921976,0) (-4.518389246595473,0) (4.999649589653872,0) (24.33013522520954,0) (-27.94077614757376,0) (-18.92829827399092,0) (-39.9548156231554,0) (9.927166609197396,0) (-18.83805123377591,0) (-5.03211071080785,0) (-4.145080341201931,0) (10.66535902173864,0) (3.558874492760134,0) (9.057497211624471,0) (2.681104667719542,0)
 (5.713899675941052e-09,-93318145.1836534) (-2.071751983284296e-09,33835394.97108947) (-9.740247063822814,0) (-5.165337991529063,0) (3.68503727541826,0) (24.04311277156552,0) (-28.00835197986854,0) (-18.08097776556048,0) (-39.77852757692769,0) (10.4854292103381,0) (-19.61974166230213,0) (-5.157860000401548,0) (-3.856646338481732,0) (9.817175801900122,0) (3.517326567138049,0) (9.529907914515942,0) (2.563203300027889,0)
 (5.713899675941039e-09,-93318145.18365321) (-2.071751983284399e-09,33835394.97109115) (-10.34205782861545,0) (-6.081470063158888,0) (3.260149698873864,0) (24.67337922202008,0) (-29.04954644164381,0) (-18.74678705683504,0) (-40.09016487018414,0) (9.421708179630238,0) (-19.85685200890757,0) (-5.815518903205927,0) (-5.417737271376309,0) (10.38262848969256,0) (4.079278831333258,0) (10.46918235232472,0) (2.084616482866784,0)
 (5.713899675940984e-09,-93318145.1836523) (-2.071751983284514e-09,33835394.97109301) (-9.427441548381561,0) (-6.55027074212581,0) (2.91328014250704,0) (23.95690587984057,0) (-28.55605410684568,0) (-19.58041431613051,0) (-39.83176208572321,0) (9.764686708680616,0) (-20.56937503802038,0) (-6.396926431198419,0) (-1.476805892639239,0) (11.04635798381495,0) (2.089991900941943,0) (10.61023601860787,0) (3.359426775487103,0)
 (5.713899675941013e-09,-93318145.18365277) (-2.07175198328445e-09,33835394.97109196) (-10.21802041319748,0) (-6.525456930249892,0) (3.391947196976524,0) (23.30308937038431,0) (-28.10569899844658,0) (-18.90742354442303,0) (-39.59602116010288,0) (9.716034740957378,0) (-21.17721563854807,0) (-5.207099849410608,0) (-1.691879211428684,0) (10.05498762925579,0) (2.258581225192631,0) (11.32355176197023,0) (2.862901334904033,0)
 (5.713899675941012e-09,-93318145.18365276) (-2.071751983284391e-09,33835394.97109102) (-10.00319232681511,0) (-6.610108582135226,0) (3.777774908575695,0) (23.85646269233878,0) (-27.98638759459122,0) (-19.02208933083161,0) (-39.75456182314069,0) (9.800960610569382,0) (-20.22979225533891,0) (-4.835177902383783,0) (-2.262045401484604,0) (9.47450006410058,0) (1.877071575213977,0) (10.58092407281145,0) (2.983929522045329,0)
 (5.713899675941025e-09,-93318145.18365298) (-2.071751983284517e-09,33835394.97109307) (-9.991910433178374,0) (-6.542144032745196,0) (2.917172258127824,0) (24.34129200590986,0) (-28.25889814087849,0) (-18.47491548659638,0) (-39.27851095915434,0) (9.645187053778999,0) (-21.10782740119993,0) (-5.001096880482315,0) (-3.000994047819321,0) (10.16709571950135,0) (2.649089004524173,0) (11.34213131520245,0) (2.272929060774172,0)
 (5.713899675941005e-09,-93318145.18365265) (-2.071751983284447e-09,33835394.97109192) (-9.987126289868973,0) (-6.219673503637329,0) (2.745000079089463,0) (23.56744261304298,0) (-28.05135573902956,0) (-19.4282562934144,0) (-39.7456055784648,0) (9.584682925365115,0) (-20.4260872307703,0) (-5.247006068599681,0) (-2.064953842620529,0) (10.2824884901556,0) (2.016267040758047,0) (10.74413537775203,0) (2.970303737051288,0)
 (5.713899675941e-09,-93318145.18365256) (-2.071751983284404e-09,33835394.97109123) (-9.73956824626541,0) (-6.532186331467717,0) (3.963350286970887,0) (22.90356189189423,0) (-27.98432909430545,0) (-18.2577338697038,0) (-39.28054335598956,0) (9.797719383118695,0) (-21.97902487191732,0) (-3.955828182467731,0) (-2.575013258673755,0) (9.28617798895969,0) (2.59684496887957,0) (11.27778980957415,0) (2.637929199980222,0)
 (5.713899675940991e-09,-93318145.1836524) (-2.07175198328448e-09,33835394.97109246) (-9.727387943726651,0) (-6.905736268268178,0) (3.232274029910973,0) (23.25558929728647,0) (-27.74163802951106,0) (-18.65793794914119,0) (-39.21191950767815,0) (9.775222304640108,0) (-20.9218517238762,0) (-3.992223623383745,0) (-2.386342458094647,0) (9.200350740480316,0) (2.00624299069051,0) (10.46437407172632,0) (3.56374549287674,0)
 (5.713899675941015e-09,-93318145.1836528) (-2.071751983284576e-09,33835394.97109404) (-10.17963188418953,0) (-7.232317058677511,0) (3.198850714785292,0) (24.55429338232968,0) (-29.25307933000214,0) (-19.0242998358775,0) (-40.77581949200097,0) (10.37114869325292,0) (-18.76792136316274,0) (-9.961109475952297,0) (-3.586939056500656,0) (9.213126752741946,0) (2.100529107511346,0) (11.11064157191586,0) (2.353585355221991,0)
 (5.713899675941072e-09,-93318145.18365373) (-2.071751983284028e-09,33835394.97108506) (-10.47030672907474,0) (-4.716257303088724,0) (4.716068522117832,0) (25.37050461626106,0) (-27.93228740139194,0) (-19.82806833116086,0) (-37.90383447579129,0) (9.523303409760805,0) (-20.06975261849783,0) (-4.785277323760998,0) (-1.064273393114991,0) (9.714577315308153,0) (1.602892581419312,0) (11.01529817594357,0) (1.889350888973235,0)
 (5.713899675941055e-09,-93318145.18365347) (-2.071751983284117e-09,33835394.97108653) (-11.15138907898313,0) (-5.91750583839073,0) (5.219448460305695,0) (24.0673434963041,0) (-28.55320770102548,0) (-19.26856234418448,0) (-38.01093721912835,0) (10.07141076154271,0) (-20.54238069629188,0) (-4.865970930540631,0) (-1.379750882002894,0) (9.408083364686089,0) (1.253722433656765,0) (10.43678731651766,0) (1.629082068055308,0)
 (5.713899675941069e-09,-93318145.1836537) (-2.071751983284142e-09,33835394.97108694) (-10.21162779821469,0) (-4.858631745472305,0) (4.190472983083998,0) (25.54903673328144,0) (-28.13869852059967,0) (-19.35179466944433,0) (-37.73230933337403,0) (9.778162618968237,0) (-19.95837680451179,0) (-5.319558430419934,0) (-1.127530526615874,0) (9.999773505910856,0) (1.693080596825252,0) (10.17665857088644,0) (2.014202931469767,0)
 (5.713899675940992e-09,-93318145.18365243) (-2.071751983284332e-09,33835394.97109004) (-10.14145768257803,0) (-6.390919491000971,0) (3.427257533644661,0) (24.21003676335723,0) (-28.95515592232694,0) (-20.32180990782515,0) (-38.34578812006742,0) (9.685298657781862,0) (-20.18877421437035,0) (-5.433768513013291,0) (-1.832651668199875,0) (10.98736811852775,0) (1.455530182503763,0) (11.10312582168655,0) (2.103412116796938,0)
 (5.713899675941057e-09,-93318145.18365349) (-2.071751983284108e-09,33835394.97108638) (-10.48060912243905,0) (-5.086937177740422,0) (4.547689671535822,0) (25.07448506565702,0) (-28.47295613565128,0) (-19.84776089256577,0) (-37.83404529190575,0) (9.897377551303318,0) (-20.17858048449498,0) (-5.438333055310578,0) (-0.8062849534028936,0) (10.15153891914349,0) (1.724422944283719,0) (10.72590108736088,0) (2.284400616493346,0)
 (5.713899675941027e-09,-93318145.183653) (-2.071751983284238e-09,33835394.97108851) (-10.96038170793191,0) (-6.552891122192029,0) (4.65059379000277,0) (24.28120433362049,0) (-28.98794700861716,0) (-19.7493414274212,0) (-37.51185073640473,0) (10.19373310048337,0) (-20.71802389902511,0) (-5.601738043898184,0) (-1.462484356540324,0) (10.19926537102188,0) (1.46979168869119,0) (9.914115997802744,0) (1.765760902860957,0)
 (5.713899675941051e-09,-93318145.1836534) (-2.071751983284267e-09,33835394.97108898) (-11.14812436452874,0) (-6.222955310241176,0) (3.842929902956528,0) (25.38129829892793,0) (-28.95256891850753,0) (-20.18636662818326,0) (-37.37953215227152,0) (10.21906889260465,0) (-20.38272398183393,0) (-5.200088769529608,0) (-1.359688813103931,0) (9.702429309151421,0) (1.405437084595946,0) (10.40446790240324,0) (1.739964945587066,0)
 (5.713899675941005e-09,-93318145.18365264) (-2.071751983284401e-09,33835394.97109117) (-10.90215554520466,0) (-6.667128798334853,0) (2.742089933626686,0) (24.31249246315044,0) (-29.52391891899864,0) (-20.41309771877167,0) (-37.59395714554663,0) (10.12288932169945,0) (-20.51878540033583,0) (-5.545891551761861,0) (-2.365425584768777,0) (10.63405528319604,0) (1.921008609605858,0) (10.37283983822354,0) (1.313491772998625,0)
 (5.713899675940964e-09,-93318145.18365197) (-2.071751983284461e-09,33835394.97109215) (-9.496794188036647,0) (-6.964261496506221,0) (2.574459839563782,0) (23.89982471553482,0) (-27.96928341059883,0) (-19.74006487543696,0) (-39.66992216953534,0) (8.187871801097312,0) (-17.76070382974766,0) (-3.968214061592623,0) (-2.286870478970077,0) (10.02173230439687,0) (2.118317544110341,0) (11.03694089306601,0) (2.373811236494641,0)
 (5.713899675940977e-09,-93318145.18365219) (-2.071751983284668e-09,33835394.97109555) (-9.61492286951135,0) (-7.961272107989759,0) (3.09110718428204,0) (23.99844060452529,0) (-28.87951077785164,0) (-18.43124492739515,0) (-40.19949298689747,0) (9.603633113987456,0) (-18.94257346183596,0) (-9.886652678947291,0) (-3.455636607873271,0) (9.651526015602329,0) (2.534884342301701,0) (10.83688981589799,0) (2.664072182101467,0)
 (5.713899675940986e-09,-93318145.18365233) (-2.07175198328444e-09,33835394.97109181) (-10.54823827776871,0) (-7.136247337209317,0) (2.788608648549182,0) (23.22661983591767,0) (-28.02523281144012,0) (-19.45293558491728,0) (-39.32714437856662,0) (8.209964769011433,0) (-18.14045894998867,0) (-4.083090768102833,0) (-2.364443019721715,0) (10.03288508694073,0) (2.875102487237892,0) (10.47169635921995,0) (2.378951465878166,0)
 (5.713899675940939e-09,-93318145.18365157) (-2.071751983284479e-09,33835394.97109246) (-10.09331398047158,0) (-7.928149144138362,0) (2.645882881398723,0) (23.33063135977638,0) (-28.86041045867528,0) (-20.01162331048396,0) (-38.20028899553046,0) (8.75758102731514,0) (-17.59973367225899,0) (-7.804122479785471,0) (-2.602412722073248,0) (8.882103589658984,0) (2.377829594825358,0) (11.34334428548978,0) (1.563338284216937,0)
 (5.713899675940975e-09,-93318145.18365215) (-2.071751983284418e-09,33835394.97109145) (-9.465993893147079,0) (-6.641674955897292,0) (2.768402494211485,0) (24.01534609988317,0) (-27.85034805044666,0) (-19.58322800823759,0) (-39.40799916150382,0) (8.401137856139847,0) (-18.04778872631663,0) (-4.447328189716909,0) (-2.49121449237652,0) (10.36410341388848,0) (2.400588664276198,0) (10.30125172845569,0) (2.424311469723265,0)
 (5.713899675941004e-09,-93318145.18365262) (-2.071751983284421e-09,33835394.97109151) (-10.70787704629717,0) (-6.698465993648319,0) (2.648560094546967,0) (23.41436573979636,0) (-28.50129245628013,0) (-19.17077945584439,0) (-39.06328032602186,0) (8.249890855236044,0) (-19.08769751433787,0) (-4.362270031214996,0) (-2.913742775415511,0) (10.3942890411151,0) (2.784592339545938,0) (10.89479839269852,0) (1.540302798447997,0)
 (5.713899675941025e-09,-93318145.18365297) (-2.071751983284361e-09,33835394.97109052) (-10.76602679105916,0) (-6.533370695885937,0) (3.05571926561545,0) (24.11866260103932,0) (-28.07583257088687,0) (-19.22218299280935,0) (-39.45874768956098,0) (8.193511715488095,0) (-18.26543352878437,0) (-4.051260437966991,0) (-3.512724244806683,0) (10.53581386691303,0) (1.929724414990886,0) (10.49043699415327,0) (2.016185796030918,0)
 (5.71389967594098e-09,-93318145.18365222) (-2.071751983284481e-09,33835394.97109248) (-10.15523369896184,0) (-6.972067867847407,0) (2.133995653608977,0) (24.14280473415972,0) (-28.89698422252706,0) (-19.86011972511167,0) (-38.72831653424205,0) (8.884743236013167,0) (-18.31834590173248,0) (-7.844397705015886,0) (-3.357906371006803,0) (9.693070257121366,0) (2.737024624695091,0) (11.89430587070086,0) (1.916493979062805,0)
 (5.713899675940995e-09,-93318145.18365249) (-2.071751983284025e-09,33835394.97108504) (-10.05309700970324,0) (-5.841267930630462,0) (3.381317407830394,0) (24.93185633403978,0) (-27.35164438236418,0) (-20.48425688046912,0) (-35.29469375824355,0) (9.039271158995618,0) (-15.68007244084029,0) (-4.07408350283211,0) (-1.969904530560785,0) (6.299943133667571,0) (1.879872343256464,0) (10.26882929034951,0) (1.074861092385741,0)
 (5.713899675940934e-09,-93318145.18365149) (-2.071751983284037e-09,33835394.97108525) (-9.560583809586936,0) (-6.845359545571278,0) (4.142532072175772,0) (23.9253247592034,0) (-27.77062143738648,0) (-21.01235142271068,0) (-35.82111228932335,0) (9.299985365635189,0) (-15.74619571005348,0) (-4.520489438078117,0) (-2.074033888713806,0) (6.264543948898042,0) (1.578810328142164,0) (10.10820232473011,0) (1.014846365000088,0)
 (5.713899675941007e-09,-93318145.18365267) (-2.071751983284083e-09,33835394.971086) (-10.50887019529097,0) (-6.244737438258614,0) (3.34896490359227,0) (25.16791630473311,0) (-27.45625846724081,0) (-20.82446482402806,0) (-35.67795879305596,0) (9.922605473533991,0) (-15.59137906439789,0) (-5.477615372245566,0) (-2.451110692829346,0) (6.551696134016836,0) (1.831645327175434,0) (9.391831208716091,0) (1.169811257393626,0)
 (5.713899675940858e-09,-93318145.18365024) (-2.071751983284409e-09,33835394.9710913) (-10.25439172413793,0) (-10.26491218588475,0) (4.56146241914844,0) (23.56524160333638,0) (-29.57222083061891,0) (-21.96188693507156,0) (-35.77522893117256,0) (9.10167355549169,0) (-19.3574079015498,0) (-2.586447027489062,0) (-1.277458266033077,0) (7.576072809161788,0) (1.596988881801504,0) (9.207559419325843,0) (0.5779575819055647,0)
 (5.713899675940992e-09,-93318145.18365243) (-2.071751983284031e-09,33835394.97108515) (-9.899591270265759,0) (-5.706845913384707,0) (3.114455346474958,0) (25.37478574683687,0) (-27.60123458369112,0) (-20.67035467230286,0) (-34.75678824347175,0) (8.965063077122313,0) (-15.42315121966492,0) (-4.31264979190978,0) (-1.860508557136183,0) (6.582104734735649,0) (1.905853014257284,0) (9.916035384456382,0) (1.050394777753769,0)
 (5.713899675941e-09,-93318145.18365255) (-2.071751983284114e-09,33835394.97108649) (-9.899631168948938,0) (-6.165229067593027,0) (3.197872306767628,0) (25.5900570517786,0) (-27.26002386554621,0) (-20.46344564882238,0) (-35.49820411267545,0) (9.024518111274212,0) (-15.94444566834416,0) (-5.157821166320181,0) (-2.077816705786752,0) (6.372637914519539,0) (2.244151978642872,0) (9.647959917240861,0) (0.895625067470761,0)
 (5.713899675940978e-09,-93318145.18365221) (-2.071751983284102e-09,33835394.97108629) (-10.69506536337473,0) (-7.060084889866191,0) (3.602219615575154,0) (23.94633431605403,0) (-27.14286340771966,0) (-20.24001807160938,0) (-35.03227460692872,0) (8.638778498826074,0) (-15.73871324002686,0) (-4.73209139516625,0) (-1.639440116558124,0) (7.29456925637803,0) (1.915929130522869,0) (9.655185060335528,0) (0.9329711295020523,0)
 (5.7138996759409e-09,-93318145.18365091) (-2.071751983284447e-09,33835394.97109192) (-10.33914360016056,0) (-9.71728139819187,0) (4.400938167125699,0) (24.13623192714017,0) (-29.4046971492069,0) (-20.88674792899072,0) (-35.93277828247788,0) (8.590206322918149,0) (-19.22019720843203,0) (-3.5645048566364,0) (-0.8802656519112342,0) (7.783962142013396,0) (2.012275997870507,0) (9.274742562152541,0) (0.658887631204126,0)
 (5.713899675940842e-09,-93318145.18364999) (-2.071751983284478e-09,33835394.97109243) (-8.27615200793017,0) (-8.576744459965761,0) (4.095420004850052,0) (22.39010739829848,0) (-30.17724447823152,0) (-21.01997397858516,0) (-39.79239282427007,0) (10.55409294661574,0) (-19.63317247563308,0) (-6.894493259746714,0) (-4.115728636666108,0) (9.044110220843613,0) (1.670760699296648,0) (8.064099025168447,0) (2.140875521141822,0)
 (5.713899675940913e-09,-93318145.18365113) (-2.071751983284341e-09,33835394.9710902) (-9.319394754939063,0) (-7.794224017340102,0) (5.023970971386684,0) (22.6260151214365,0) (-30.11715143117743,0) (-20.29932787228769,0) (-39.92998545121531,0) (10.9352119038581,0) (-19.67727882155371,0) (-6.76540660613372,0) (-3.687059337121297,0) (8.684970359440749,0) (1.81962670664704,0) (8.183819435691509,0) (1.943427201620351,0)
 (5.713899675940884e-09,-93318145.18365066) (-2.07175198328432e-09,33835394.97108985) (-8.81092297602507,0) (-7.993507751893095,0) (5.002968544179078,0) (23.13555741300609,0) (-30.226968515055,0) (-21.08411018428835,0) (-39.54738670217636,0) (10.92279394923881,0) (-19.14119001101517,0) (-6.685276398630096,0) (-4.115416569756819,0) (8.559998711924013,0) (2.058938322831914,0) (7.900249719639682,0) (2.055506884248871,0)
 (5.713899675940936e-09,-93318145.18365152) (-2.071751983284343e-09,33835394.97109023) (-8.37005478250677,0) (-7.617521315517991,0) (5.730511035503257,0) (26.1957293211566,0) (-30.25914623613572,0) (-20.52142944552573,0) (-38.96340976034342,0) (9.628387099947632,0) (-18.73169522092534,0) (-8.129229145627864,0) (-1.125462680816407,0) (8.851138056804635,0) (1.565318892005567,0) (8.083594142148668,0) (2.179308308237788,0)
 (5.7138996759409e-09,-93318145.18365093) (-2.071751983284395e-09,33835394.97109108) (-8.448023247068479,0) (-7.628544921755223,0) (4.587314615764371,0) (23.71585046793829,0) (-30.3612361626433,0) (-20.68685988375677,0) (-40.03044465331134,0) (11.69689422403555,0) (-18.60470130240107,0) (-9.71730103634353,0) (-4.283874892641387,0) (7.223267692089049,0) (2.021508227108861,0) (9.092511259090001,0) (2.75187008402494,0)
 (5.713899675940938e-09,-93318145.18365155) (-2.071751983284453e-09,33835394.97109203) (-9.972229458529831,0) (-8.204388212535433,0) (4.408522979947789,0) (23.11613756575911,0) (-30.08978323605983,0) (-20.39054761213061,0) (-40.52253399259509,0) (11.58357403028858,0) (-18.17402437752001,0) (-9.868431682593023,0) (-3.966081266082072,0) (7.610282065799492,0) (2.060832390443726,0) (9.252752197320641,0) (2.442848143402314,0)
 (5.71389967594086e-09,-93318145.18365027) (-2.071751983284392e-09,33835394.97109104) (-8.472378500365521,0) (-8.523424312004025,0) (4.376932603852583,0) (23.79892392946563,0) (-30.17411809476983,0) (-21.78485625041299,0) (-38.98825727560292,0) (11.25946656354513,0) (-17.89245201082573,0) (-8.837507904609462,0) (-4.148356157627596,0) (7.107087938260278,0) (1.493693554447861,0) (9.038143681683769,0) (2.252380624962341,0)
 (5.713899675940897e-09,-93318145.18365088) (-2.071751983284395e-09,33835394.97109108) (-9.284489125534455,0) (-9.043611423757675,0) (5.120878160393113,0) (24.50549745863992,0) (-29.94989258872905,0) (-21.26665750441233,0) (-38.27755050262081,0) (11.08730635075673,0) (-18.99769609978063,0) (-5.838188165330045,0) (-3.535534228205943,0) (7.510620794412605,0) (2.917636118903927,0) (8.641041202230351,0) (1.686664572638338,0)
